x,y,Oxygen,quiescenceThreshold,hypoxiaThreshold,PointType
0.475071,0.0602981,0.2577653136991402,0.5,0.3,Necrotic
-2.11491,-7.73797,0.26159949850810715,0.5,0.3,Viable tumour cell
4.19689,-1.15272,0.25610707412710276,0.5,0.3,Necrotic
2.20409,2.94284,0.2569630465414724,0.5,0.3,Necrotic
9.80179,-6.16919,0.32345996451233533,0.5,0.3,Viable tumour cell
-1.0102,16.5799,0.6519367567663445,0.5,0.3,Viable tumour cell
13.5733,10.9464,0.758030738224038,0.5,0.3,Viable tumour cell
-0.089242,3.75973,0.2574023626561446,0.5,0.3,Necrotic
2.03295,0.882239,0.25716739781964437,0.5,0.3,Necrotic
9.60872,-2.83088,0.2824795471428503,0.5,0.3,Viable tumour cell
-5.57785,1.55287,0.25938397527907825,0.5,0.3,Necrotic
4.93359,-10.5075,0.32917506724465984,0.5,0.3,Viable tumour cell
-0.887357,9.83865,0.2785947542056543,0.5,0.3,Viable tumour cell
-3.00263,3.21393,0.25731376200544465,0.5,0.3,Necrotic
-10.1565,3.27183,0.28032858081805223,0.5,0.3,Viable tumour cell
13.9371,-2.62966,0.46391378490367624,0.5,0.3,Viable tumour cell
4.65151,-3.69247,0.2558789101173716,0.5,0.3,Necrotic
0.610494,-0.0046755,0.25771650738210644,0.5,0.3,Necrotic
0.377884,-0.00364716,0.25781008077543444,0.5,0.3,Necrotic
5.8118,-9.48324,0.311202461401155,0.5,0.3,Viable tumour cell
-2.81093,1.66094,0.25834249477051763,0.5,0.3,Necrotic
1.0725,0.729898,0.25746664356904697,0.5,0.3,Necrotic
-8.48218,1.32826,0.2637266827463661,0.5,0.3,Viable tumour cell
0.69388,0.126107,0.2576713201572372,0.5,0.3,Necrotic
-10.5995,-1.47559,0.289408653707085,0.5,0.3,Viable tumour cell
-0.0597904,-0.114541,0.25801046066425976,0.5,0.3,Necrotic
-11.1615,11.092,0.5225720785445138,0.5,0.3,Viable tumour cell
1.89689,-3.03556,0.2571636127569173,0.5,0.3,Necrotic
0.468495,-0.281476,0.25779092962224304,0.5,0.3,Necrotic
-4.36495,-0.632786,0.26060381056724524,0.5,0.3,Necrotic
0.755375,-0.0604976,0.25766166592788997,0.5,0.3,Necrotic
0.392747,3.72836,0.2573151048965945,0.5,0.3,Necrotic
-0.321445,-1.12532,0.2582943652100313,0.5,0.3,Necrotic
-1.2451,0.567251,0.25834163259456566,0.5,0.3,Necrotic
0.441366,-0.368016,0.2578072466637476,0.5,0.3,Necrotic
0.356154,0.0602503,0.25781318828715405,0.5,0.3,Necrotic
0.561797,-5.63373,0.25737742251545537,0.5,0.3,Necrotic
6.90905,-3.98988,0.25772065452740217,0.5,0.3,Necrotic
-3.2458,1.50026,0.2585291106022681,0.5,0.3,Necrotic
1.05497,-0.378393,0.2575623846934715,0.5,0.3,Necrotic
1.88107,-12.9172,0.3918807650974981,0.5,0.3,Viable tumour cell
0.56066,0.213746,0.2577170750770908,0.5,0.3,Necrotic
-0.835788,-1.33913,0.25860792322700793,0.5,0.3,Necrotic
0.354008,-0.275646,0.25783665300580855,0.5,0.3,Necrotic
-4.84243,2.07485,0.2585411516650213,0.5,0.3,Necrotic
7.88416,11.9424,0.45590021689189897,0.5,0.3,Viable tumour cell
1.48751,0.196148,0.2573588404130791,0.5,0.3,Necrotic
-3.86251,-13.8763,0.4588495739871886,0.5,0.3,Viable tumour cell
0.0574135,15.3042,0.5319836612541846,0.5,0.3,Viable tumour cell
0.0970168,0.800473,0.25778774730763915,0.5,0.3,Necrotic
-4.10834,-1.19544,0.26070515711845266,0.5,0.3,Necrotic
-3.77397,-3.4444,0.2614537671650876,0.5,0.3,Necrotic
4.88834,10.7011,0.3311071398430539,0.5,0.3,Viable tumour cell
8.1313,8.48006,0.329753183838038,0.5,0.3,Viable tumour cell
15.8011,0.00325544,0.5823044867744992,0.5,0.3,Viable tumour cell
-9.00838,12.3533,0.4990091978030737,0.5,0.3,Viable tumour cell
-7.63549,3.80096,0.257598532418722,0.5,0.3,Necrotic
0.820948,-0.296193,0.25764996664695616,0.5,0.3,Necrotic
14.0433,10.0328,0.717050744884515,0.5,0.3,Viable tumour cell
0.209256,-0.0982572,0.25788386192493096,0.5,0.3,Necrotic
0.145342,0.734794,0.25778444646069715,0.5,0.3,Necrotic
-2.47694,-1.01026,0.25950921350903833,0.5,0.3,Necrotic
-3.40428,1.04853,0.2589210065633041,0.5,0.3,Necrotic
0.68491,-0.260863,0.25770252576867675,0.5,0.3,Necrotic
-3.95836,-0.452724,0.2601753439723379,0.5,0.3,Necrotic
2.2057,-0.983065,0.25707102244417673,0.5,0.3,Necrotic
5.09849,-13.0784,0.4539588326965145,0.5,0.3,Viable tumour cell
-11.2591,-2.2963,0.3058808006289539,0.5,0.3,Viable tumour cell
0.476747,-0.335057,0.2577909487178443,0.5,0.3,Necrotic
-12.5068,3.08357,0.3455165339048255,0.5,0.3,Viable tumour cell
0.532136,-0.190599,0.25775964384254335,0.5,0.3,Necrotic
0.670381,-0.722879,0.2577416790755261,0.5,0.3,Necrotic
15.7302,2.06199,0.5801372384238263,0.5,0.3,Viable tumour cell
0.895361,-0.541217,0.25763529029931936,0.5,0.3,Necrotic
0.587887,-0.179744,0.2577365242501557,0.5,0.3,Necrotic
0.875967,-0.0883465,0.2576148578841084,0.5,0.3,Necrotic
0.266002,1.37882,0.2576303260778754,0.5,0.3,Necrotic
0.489888,-0.193186,0.2577768120536908,0.5,0.3,Necrotic
-0.207591,-0.383518,0.25812822900775556,0.5,0.3,Necrotic
-4.13659,-0.290928,0.2602193944657062,0.5,0.3,Necrotic
0.085656,0.983481,0.25775840120483207,0.5,0.3,Necrotic
0.518312,-0.32057,0.2577733133343077,0.5,0.3,Necrotic
-12.5944,-6.05773,0.40613086907626267,0.5,0.3,Viable tumour cell
8.67683,-3.35665,0.26832901846290375,0.5,0.3,Viable tumour cell
0.381569,-0.25547,0.2578243002047642,0.5,0.3,Necrotic
-3.79701,15.6163,0.5768426076723998,0.5,0.3,Viable tumour cell
-2.71188,2.1403,0.2580167114369726,0.5,0.3,Necrotic
6.62068,-1.71476,0.25415657897200805,0.5,0.3,Necrotic
-3.42675,-8.93354,0.27395478332728446,0.5,0.3,Viable tumour cell
10.0387,1.76636,0.28538383223327896,0.5,0.3,Viable tumour cell
0.167412,0.832953,0.25775990141839517,0.5,0.3,Necrotic
0.547078,-1.36622,0.25788627769551814,0.5,0.3,Necrotic
-6.0067,0.71583,0.26079028265988047,0.5,0.3,Necrotic
-2.0034,5.41418,0.2573224430919986,0.5,0.3,Necrotic
-10.9737,7.58984,0.3675128928701227,0.5,0.3,Viable tumour cell
-0.223067,-0.719576,0.2581861231921015,0.5,0.3,Necrotic
-2.77846,1.54723,0.2584083760076977,0.5,0.3,Necrotic
8.26757,-9.51189,0.3671433016992138,0.5,0.3,Viable tumour cell
2.39893,7.70854,0.26170171633310824,0.5,0.3,Necrotic
0.257806,-9.96521,0.28090130947393527,0.5,0.3,Viable tumour cell
-1.66292,-4.43491,0.2597722812361127,0.5,0.3,Necrotic
-10.6783,8.93007,0.39806492803736315,0.5,0.3,Viable tumour cell
-0.0488909,-0.247016,0.2580243150981745,0.5,0.3,Necrotic
-4.1537,2.76589,0.2576875352701028,0.5,0.3,Necrotic
0.36307,-0.105373,0.2578223875059132,0.5,0.3,Necrotic
-8.48319,-12.4442,0.4951180190626038,0.5,0.3,Viable tumour cell
-2.87584,-4.58166,0.2611257345836041,0.5,0.3,Necrotic
0.293166,0.502812,0.25777993476954614,0.5,0.3,Necrotic
0.528227,-0.0369809,0.2577516382267222,0.5,0.3,Necrotic
13.3232,-12.6228,0.8447930045482617,0.5,0.3,Viable tumour cell
-10.094,-8.126,0.35967402103132606,0.5,0.3,Viable tumour cell
0.776658,-0.219647,0.257663022552471,0.5,0.3,Necrotic
0.329914,-0.0724719,0.25783368275430496,0.5,0.3,Necrotic
1.23528,6.27571,0.2573502594834032,0.5,0.3,Necrotic
1.10676,-9.59524,0.2759018670766556,0.5,0.3,Viable tumour cell
2.81793,3.14031,0.2568036532887369,0.5,0.3,Necrotic
1.16442,-0.297161,0.2575162439653993,0.5,0.3,Necrotic
-3.1892,0.944828,0.25890995717069765,0.5,0.3,Necrotic
0.581574,-0.324996,0.2577481231982106,0.5,0.3,Necrotic
-3.61104,2.12595,0.2582088218395271,0.5,0.3,Necrotic
10.4466,0.640653,0.2921103730966862,0.5,0.3,Viable tumour cell
0.167418,0.0980942,0.25788576462641527,0.5,0.3,Necrotic
-2.67199,10.0654,0.2864740353680877,0.5,0.3,Viable tumour cell
-0.958191,4.64982,0.2574613889827616,0.5,0.3,Necrotic
0.939303,0.1586,0.2575696053705115,0.5,0.3,Necrotic
4.64082,-8.80278,0.2806752817284848,0.5,0.3,Viable tumour cell
0.346988,-0.0458938,0.2578251523000009,0.5,0.3,Necrotic
2.00454,1.30901,0.2571554573395945,0.5,0.3,Necrotic
-7.66653,-1.8474,0.26432858222883376,0.5,0.3,Necrotic
-9.36239,3.67779,0.2702592797455628,0.5,0.3,Viable tumour cell
0.503187,-0.327731,0.257779848282508,0.5,0.3,Necrotic
3.96877,-0.17171,0.256487031141121,0.5,0.3,Necrotic
-7.36195,9.24306,0.3171484075665337,0.5,0.3,Viable tumour cell
0.321186,0.0226825,0.25783063958023156,0.5,0.3,Necrotic
0.180953,5.45213,0.25758099044864535,0.5,0.3,Necrotic
0.511921,-0.23868,0.2577707798117418,0.5,0.3,Necrotic
0.471527,-0.240068,0.2577871269721098,0.5,0.3,Necrotic
0.714818,-0.175123,0.25768513988365005,0.5,0.3,Necrotic
0.192416,0.00244684,0.2578842938251321,0.5,0.3,Necrotic
5.221,2.1234,0.25720219765055913,0.5,0.3,Necrotic
13.3896,7.65658,0.5362561487831425,0.5,0.3,Viable tumour cell
1.33352,-0.813397,0.25747269100963266,0.5,0.3,Necrotic
0.123812,-0.101278,0.25791844599750424,0.5,0.3,Necrotic
-1.43591,5.05971,0.2573372875281099,0.5,0.3,Necrotic
-2.06484,2.20395,0.2578975927380112,0.5,0.3,Necrotic
-0.83938,-3.08727,0.2588986572566678,0.5,0.3,Necrotic
1.04005,-0.0740583,0.2575490055386462,0.5,0.3,Necrotic
0.980163,0.6534,0.2575087082005107,0.5,0.3,Necrotic
3.47027,-2.99844,0.25635546099458617,0.5,0.3,Necrotic
0.767314,0.0761774,0.25764624448453755,0.5,0.3,Necrotic
-2.08953,1.78146,0.2581205211419201,0.5,0.3,Necrotic
5.66356,1.80428,0.25734073457492407,0.5,0.3,Necrotic
1.25557,0.0622728,0.2574579137003455,0.5,0.3,Necrotic
2.5675,0.203355,0.257004325097619,0.5,0.3,Necrotic
-12.2096,-7.04685,0.41343693455620445,0.5,0.3,Viable tumour cell
-17.7638,-2.43644,0.7101867166474175,0.5,0.3,Viable tumour cell
-0.43963,0.10495,0.2581205882044094,0.5,0.3,Necrotic
14.5603,1.6458,0.4830633283813882,0.5,0.3,Viable tumour cell
-6.44119,5.11554,0.25428942794278225,0.5,0.3,Viable tumour cell
0.213689,-0.822006,0.2579792954238198,0.5,0.3,Necrotic
1.02089,-0.178873,0.25756273249156864,0.5,0.3,Necrotic
2.32136,-0.0918413,0.25706088303350755,0.5,0.3,Necrotic
-11.309,-4.66352,0.32903585447991596,0.5,0.3,Viable tumour cell
0.511895,-0.306861,0.25777504167162707,0.5,0.3,Necrotic
-2.64251,1.48516,0.2584242766626363,0.5,0.3,Necrotic
2.98323,2.66669,0.25683748334601586,0.5,0.3,Necrotic
-4.13937,14.0035,0.45696065662164004,0.5,0.3,Viable tumour cell
1.29985,1.53941,0.2573370009807586,0.5,0.3,Necrotic
0.361786,-0.231563,0.25783077300891444,0.5,0.3,Necrotic
2.82808,0.874189,0.256969107270508,0.5,0.3,Necrotic
0.982723,-0.475923,0.2575960509376398,0.5,0.3,Necrotic
0.688062,-0.403119,0.2577101274788142,0.5,0.3,Necrotic
0.238127,0.694326,0.257762714164141,0.5,0.3,Necrotic
0.0602983,-0.194636,0.2579613376871722,0.5,0.3,Necrotic
0.318892,0.0221442,0.2578316115374478,0.5,0.3,Necrotic
0.616587,0.0295577,0.25771110782924195,0.5,0.3,Necrotic
-5.5088,-1.31562,0.26195935169681156,0.5,0.3,Necrotic
-2.51121,3.78587,0.25710616417350085,0.5,0.3,Necrotic
-2.66408,1.62133,0.25834244959839303,0.5,0.3,Necrotic
-6.39711,0.270538,0.2617273965245559,0.5,0.3,Necrotic
0.124368,-2.77329,0.2581971816030622,0.5,0.3,Necrotic
-18.273,3.8514,0.8082560427644472,0.5,0.3,Viable tumour cell
-13.1831,-0.858151,0.35954726770120476,0.5,0.3,Viable tumour cell
-2.19694,-12.2123,0.35262886677686756,0.5,0.3,Viable tumour cell
2.35505,-5.34303,0.2566359284251325,0.5,0.3,Necrotic
-1.46339,13.1458,0.38843480075368314,0.5,0.3,Viable tumour cell
0.819071,-0.276754,0.25764950982561663,0.5,0.3,Necrotic
0.265229,0.709423,0.2577515278734214,0.5,0.3,Necrotic
-0.616064,-10.0529,0.2829057765092715,0.5,0.3,Viable tumour cell
-9.23136,-11.4838,0.46723114517521286,0.5,0.3,Viable tumour cell
0.749941,-0.160145,0.2576700670586757,0.5,0.3,Necrotic
-0.0551596,-5.27591,0.25810158850777987,0.5,0.3,Necrotic
9.13255,-13.0523,0.6041305326634672,0.5,0.3,Viable tumour cell
-2.35096,-1.26355,0.25951079253615583,0.5,0.3,Necrotic
0.848121,-0.103163,0.2576269915222612,0.5,0.3,Necrotic
-12.0957,-4.52674,0.35565069454621534,0.5,0.3,Viable tumour cell
-1.92069,8.38505,0.26425909937088765,0.5,0.3,Viable tumour cell
-6.08067,1.42492,0.2599358666282158,0.5,0.3,Necrotic
0.716034,-0.10093,0.2576800241451205,0.5,0.3,Necrotic
10.6646,-8.6521,0.4291153629469941,0.5,0.3,Viable tumour cell
0.95164,-0.338739,0.2576000090725048,0.5,0.3,Necrotic
7.60841,-4.73002,0.26535407727103993,0.5,0.3,Viable tumour cell
-8.68185,4.00381,0.2636757129098189,0.5,0.3,Viable tumour cell
-9.05984,7.12485,0.3013291592744491,0.5,0.3,Viable tumour cell
3.45465,-7.37063,0.25911998257889945,0.5,0.3,Viable tumour cell
-0.814065,-3.58188,0.25892185045231314,0.5,0.3,Necrotic
-0.711963,-4.1747,0.25888914033709676,0.5,0.3,Necrotic
0.53164,0.177726,0.2577319928305134,0.5,0.3,Necrotic
0.0970002,1.57761,0.2576470964386361,0.5,0.3,Necrotic
0.173575,2.2295,0.25753102785391485,0.5,0.3,Necrotic
15.3144,-0.955978,0.5465950520330463,0.5,0.3,Viable tumour cell
-17.996,2.02086,0.7234921649464182,0.5,0.3,Viable tumour cell
1.48625,2.09676,0.2572299298146396,0.5,0.3,Necrotic
-3.62366,2.29675,0.25809458081152403,0.5,0.3,Necrotic
0.875301,12.113,0.34393337658524775,0.5,0.3,Viable tumour cell
-1.7357,1.70846,0.2580343550331181,0.5,0.3,Necrotic
-2.18334,4.15571,0.25693955156048365,0.5,0.3,Necrotic
0.229316,-0.218863,0.25788330731186926,0.5,0.3,Necrotic
1.38668,12.8375,0.3768833543193479,0.5,0.3,Viable tumour cell
-9.20099,-0.12534,0.27152116959030803,0.5,0.3,Necrotic
-12.3085,2.29624,0.3322986737614605,0.5,0.3,Viable tumour cell
0.392506,0.370636,0.25777067227898715,0.5,0.3,Necrotic
0.0603454,0.0952863,0.2579259771339943,0.5,0.3,Necrotic
-14.0514,-1.19305,0.4010074429265525,0.5,0.3,Viable tumour cell
7.60265,-5.47989,0.27201386608898803,0.5,0.3,Viable tumour cell
-11.4593,-10.7411,0.5273042707936872,0.5,0.3,Viable tumour cell
0.446925,-0.27895,0.2577994549285703,0.5,0.3,Necrotic
-8.40435,3.1678,0.2605150746180137,0.5,0.3,Viable tumour cell
-5.09804,-9.37754,0.29419003346639444,0.5,0.3,Viable tumour cell
3.68913,15.8362,0.6127613755133451,0.5,0.3,Viable tumour cell
6.2739,-2.5194,0.25369746718943964,0.5,0.3,Viable tumour cell
0.222006,-0.383577,0.2579103555601105,0.5,0.3,Necrotic
0.916353,-0.0954038,0.2575990405998045,0.5,0.3,Necrotic
-11.4316,2.06636,0.30388049178454896,0.5,0.3,Viable tumour cell
0.343025,0.958527,0.25768242752615506,0.5,0.3,Necrotic
-6.81372,-16.6692,0.8411499181344175,0.5,0.3,Viable tumour cell
0.702321,16.006,0.5939363012985974,0.5,0.3,Viable tumour cell
0.160608,-0.00436791,0.25789759051135613,0.5,0.3,Necrotic
-0.157217,-2.39476,0.2583671406874361,0.5,0.3,Necrotic
0.0349005,-0.0316928,0.25794989826141307,0.5,0.3,Necrotic
0.17426,-0.417774,0.25793872426325687,0.5,0.3,Necrotic
-15.9306,7.23933,0.6760292498434022,0.5,0.3,Viable tumour cell
0.311868,-0.0881534,0.25784192510665904,0.5,0.3,Necrotic
-0.140866,-1.49531,0.2582429517248598,0.5,0.3,Necrotic
1.21968,0.880033,0.25740591638549987,0.5,0.3,Necrotic
-7.38974,0.00700542,0.26391107102493394,0.5,0.3,Necrotic
0.0229673,9.76634,0.27697840694671816,0.5,0.3,Viable tumour cell
-2.47786,3.26419,0.2574180063967943,0.5,0.3,Necrotic
-0.639343,-0.720383,0.25840582757927955,0.5,0.3,Necrotic
2.16576,0.696838,0.2571360544094975,0.5,0.3,Necrotic
3.24376,3.5312,0.25658006949075696,0.5,0.3,Necrotic
-2.4663,1.25689,0.25848639132524326,0.5,0.3,Necrotic
-1.35438,-2.34629,0.2591476870784559,0.5,0.3,Necrotic
2.55071,1.72181,0.25701165704457957,0.5,0.3,Necrotic
-9.69669,11.8242,0.49596728908410953,0.5,0.3,Viable tumour cell
-10.824,-8.14797,0.3873369462364528,0.5,0.3,Viable tumour cell
-3.94348,-16.2615,0.6646142090796476,0.5,0.3,Viable tumour cell
0.492041,0.496872,0.25771882971124305,0.5,0.3,Necrotic
-2.98071,1.63887,0.25838515904013437,0.5,0.3,Necrotic
0.645539,-0.0819839,0.2577072202899649,0.5,0.3,Necrotic
0.478208,-0.0334011,0.2577715506319662,0.5,0.3,Necrotic
-14.4411,7.76675,0.5655953958387274,0.5,0.3,Viable tumour cell
-0.675678,3.35197,0.2574934073540922,0.5,0.3,Necrotic
-2.70151,1.59416,0.2583658548947683,0.5,0.3,Necrotic
1.94289,-6.92876,0.25558945428489943,0.5,0.3,Necrotic
5.0629,3.39363,0.2570425529255348,0.5,0.3,Necrotic
7.0612,13.676,0.5302029821734593,0.5,0.3,Viable tumour cell
0.264451,-0.672825,0.2579324381452195,0.5,0.3,Necrotic
0.578674,-0.0696916,0.2577333705970034,0.5,0.3,Necrotic
3.28742,0.434402,0.25678352338315824,0.5,0.3,Necrotic
-3.28347,-10.7519,0.311484264562922,0.5,0.3,Viable tumour cell
2.50801,-1.85122,0.2568916405085587,0.5,0.3,Necrotic
-14.1758,-8.76586,0.6097834151618472,0.5,0.3,Viable tumour cell
6.64111,7.7767,0.2847866074493116,0.5,0.3,Viable tumour cell
3.89743,-3.97806,0.25633191166008923,0.5,0.3,Necrotic
-3.06423,1.48207,0.25850089420395805,0.5,0.3,Necrotic
-15.4482,7.40101,0.6386802646845197,0.5,0.3,Viable tumour cell
0.611337,0.178979,0.257699798113252,0.5,0.3,Necrotic
0.123779,-0.295255,0.2579452378033454,0.5,0.3,Necrotic
-1.01298,-4.57373,0.25916587567369787,0.5,0.3,Necrotic
11.558,-1.67509,0.3322701343487058,0.5,0.3,Viable tumour cell
4.16655,15.0624,0.5556348898615606,0.5,0.3,Viable tumour cell
0.69697,-0.441385,0.25770892757023506,0.5,0.3,Necrotic
12.6652,-9.12485,0.5659915275894221,0.5,0.3,Viable tumour cell
0.50248,-0.218861,0.2577733443587261,0.5,0.3,Necrotic
-6.14414,-3.64337,0.2632305173427839,0.5,0.3,Necrotic
6.72157,-13.4118,0.5309029773456158,0.5,0.3,Viable tumour cell
0.606704,0.484925,0.257674179617871,0.5,0.3,Necrotic
-1.4577,2.12976,0.2578623245854444,0.5,0.3,Necrotic
-0.0439017,-4.77833,0.2582092496723254,0.5,0.3,Necrotic
1.47984,-1.91382,0.2574081331340889,0.5,0.3,Necrotic
7.59156,2.65974,0.2604411104222871,0.5,0.3,Viable tumour cell
-2.7022,1.26837,0.2585650567253552,0.5,0.3,Necrotic
0.116425,-0.763412,0.2580181066844177,0.5,0.3,Necrotic
-0.00669745,-1.51462,0.2581744659988824,0.5,0.3,Necrotic
0.209202,17.6875,0.7934439406234675,0.5,0.3,Viable tumour cell
12.7021,-0.415334,0.37377255978649326,0.5,0.3,Viable tumour cell
-8.08162,-1.1362,0.26591572537907326,0.5,0.3,Necrotic
-7.96091,13.7499,0.5502111552713862,0.5,0.3,Viable tumour cell
0.367662,-0.000623027,0.25781400699889273,0.5,0.3,Necrotic
0.216086,0.0279399,0.25787247566681515,0.5,0.3,Necrotic
0.28845,0.134701,0.2578337548022588,0.5,0.3,Necrotic
4.86368,4.07928,0.2565500943193725,0.5,0.3,Necrotic
0.586953,0.0595013,0.2577203468771809,0.5,0.3,Necrotic
0.698798,-0.133743,0.2576890083359239,0.5,0.3,Necrotic
0.691295,-0.263223,0.25770010263672305,0.5,0.3,Necrotic
-2.05168,4.77427,0.2570004322428441,0.5,0.3,Necrotic
0.780728,-0.750752,0.257694501535214,0.5,0.3,Necrotic
0.369474,0.0452218,0.25780917627601685,0.5,0.3,Necrotic
0.538726,0.551587,0.2576943992551062,0.5,0.3,Necrotic
0.769571,-0.423099,0.2576785616977407,0.5,0.3,Necrotic
0.897006,0.54932,0.25755153316718277,0.5,0.3,Necrotic
-0.149498,0.644169,0.2578946615096903,0.5,0.3,Necrotic
-0.558823,-0.750939,0.2583678751151106,0.5,0.3,Necrotic
0.726254,-0.333077,0.2576903856793575,0.5,0.3,Necrotic
-3.55581,0.538459,0.2593600611250402,0.5,0.3,Necrotic
2.83328,-6.72035,0.2564813710143802,0.5,0.3,Necrotic
9.20989,-9.53913,0.40023452441008533,0.5,0.3,Viable tumour cell
13.9232,-5.30918,0.5223744581112824,0.5,0.3,Viable tumour cell
0.129941,-0.183127,0.2579256365206151,0.5,0.3,Necrotic
0.375285,0.0165327,0.2578094145005081,0.5,0.3,Necrotic
-14.2211,-7.97424,0.5722523815356669,0.5,0.3,Viable tumour cell
1.01483,-1.01417,0.2576146490156926,0.5,0.3,Necrotic
-1.82207,0.24624,0.25868801920332113,0.5,0.3,Necrotic
0.642685,0.0528451,0.25769850980535425,0.5,0.3,Necrotic
0.619022,-0.439914,0.25774021432163385,0.5,0.3,Necrotic
7.40498,-9.1831,0.3349975482878993,0.5,0.3,Viable tumour cell
7.15761,9.36496,0.3307440920353515,0.5,0.3,Viable tumour cell
8.28711,4.36818,0.2725331792612872,0.5,0.3,Viable tumour cell
0.598387,-1.37612,0.2578624027142219,0.5,0.3,Necrotic
-4.80934,3.5323,0.25689411693012837,0.5,0.3,Necrotic
2.44141,-8.55374,0.26496444003934416,0.5,0.3,Viable tumour cell
-0.0851318,0.0827415,0.2579749578334401,0.5,0.3,Necrotic
8.82516,6.83902,0.30773282716331374,0.5,0.3,Viable tumour cell
1.76898,-0.746662,0.2572742872164858,0.5,0.3,Necrotic
-0.134303,-0.192719,0.2580613347872045,0.5,0.3,Necrotic
1.07993,0.439624,0.2574899296042922,0.5,0.3,Necrotic
0.136625,-0.296758,0.25793918887947054,0.5,0.3,Necrotic
-6.80408,-2.01106,0.2635056202711091,0.5,0.3,Necrotic
6.56243,-7.58431,0.28237426835539964,0.5,0.3,Viable tumour cell
-0.540357,0.062403,0.2581758445761141,0.5,0.3,Necrotic
5.90903,14.5074,0.5551538209309644,0.5,0.3,Viable tumour cell
0.360037,-0.561371,0.2578692818279333,0.5,0.3,Necrotic
0.613468,-0.0101691,0.2577156524384493,0.5,0.3,Necrotic
0.487748,-0.989309,0.2578702634750851,0.5,0.3,Necrotic
0.208609,-1.29121,0.2580426216517387,0.5,0.3,Necrotic
3.62004,-6.52079,0.25696035753010116,0.5,0.3,Necrotic
4.60461,6.28323,0.25684023827970903,0.5,0.3,Viable tumour cell
0.349572,0.746777,0.2577184452833475,0.5,0.3,Necrotic
0.361313,0.0660732,0.25781058831577863,0.5,0.3,Necrotic
1.07427,0.0898362,0.25752347818073107,0.5,0.3,Necrotic
0.462481,0.119291,0.25776508239682655,0.5,0.3,Necrotic
0.658851,-1.51284,0.2578356597310769,0.5,0.3,Necrotic
0.600628,-0.173303,0.2577309938005853,0.5,0.3,Necrotic
0.0897453,0.672953,0.25781294377029734,0.5,0.3,Necrotic
0.516972,0.176322,0.2577380238537931,0.5,0.3,Necrotic
0.818765,-0.0124414,0.2576331515900501,0.5,0.3,Necrotic
5.10571,-0.275823,0.25605732110844537,0.5,0.3,Necrotic
4.45664,-4.60916,0.2562139029480079,0.5,0.3,Necrotic
10.0535,-13.5768,0.7060735151043397,0.5,0.3,Viable tumour cell
0.674076,-10.6689,0.2993036129627272,0.5,0.3,Viable tumour cell
-0.975221,0.235627,0.25831302688326485,0.5,0.3,Necrotic
0.368893,-0.693099,0.2578844520481893,0.5,0.3,Necrotic
-0.106572,-1.07977,0.25817562221098805,0.5,0.3,Necrotic
0.0983907,0.7879,0.257789577878118,0.5,0.3,Necrotic
11.8655,-0.572976,0.33742554581107403,0.5,0.3,Viable tumour cell
-12.6957,4.19273,0.3654158198182741,0.5,0.3,Viable tumour cell
0.894923,-0.793292,0.25765118502005435,0.5,0.3,Necrotic
-3.14171,1.49632,0.2585088646522925,0.5,0.3,Necrotic
4.08145,2.23178,0.2569009163338247,0.5,0.3,Necrotic
-3.37702,2.73448,0.257715325883722,0.5,0.3,Necrotic
0.479712,-0.345173,0.2577903857443268,0.5,0.3,Necrotic
0.426195,0.0294086,0.2577877637672961,0.5,0.3,Necrotic
3.44537,-10.0343,0.2962384588392071,0.5,0.3,Viable tumour cell
-1.13466,-2.8509,0.259082753296254,0.5,0.3,Necrotic
0.824326,-0.161231,0.257640190795547,0.5,0.3,Necrotic
0.507032,0.275645,0.2577331025965707,0.5,0.3,Necrotic
0.170319,-0.30197,0.25792351165243627,0.5,0.3,Necrotic
12.5362,-11.4379,0.6909872970356532,0.5,0.3,Viable tumour cell
-12.9217,-8.9257,0.5217723532682378,0.5,0.3,Viable tumour cell
0.753481,-0.651279,0.25769926725845976,0.5,0.3,Necrotic
0.0283316,0.197447,0.25791762079627045,0.5,0.3,Necrotic
-11.7782,7.23268,0.39143003079069766,0.5,0.3,Viable tumour cell
-2.69571,4.64374,0.2562155155992436,0.5,0.3,Necrotic
-1.43521,-7.70507,0.26068071856114683,0.5,0.3,Necrotic
0.306075,-0.393809,0.25787082872717343,0.5,0.3,Necrotic
-15.7375,-0.968407,0.5049180274051837,0.5,0.3,Viable tumour cell
7.42259,-10.8943,0.3977841653899062,0.5,0.3,Viable tumour cell
8.33656,-10.393,0.4058603027356993,0.5,0.3,Viable tumour cell
-3.51237,1.47748,0.2586088348010048,0.5,0.3,Necrotic
-6.65913,-7.84575,0.28447330196787957,0.5,0.3,Viable tumour cell
7.50697,15.9527,0.7435046142336468,0.5,0.3,Viable tumour cell
0.971508,-0.655218,0.25761174563704825,0.5,0.3,Necrotic
-4.20314,-0.0545399,0.26012159390769474,0.5,0.3,Necrotic
-10.7126,2.56409,0.28844119351431313,0.5,0.3,Viable tumour cell
-15.0008,-6.35014,0.5695116830677623,0.5,0.3,Viable tumour cell
0.183473,-0.757544,0.25798450669192546,0.5,0.3,Necrotic
0.254895,-0.633215,0.2579312415254582,0.5,0.3,Necrotic
0.597314,-0.0941095,0.25772738976513343,0.5,0.3,Necrotic
-0.557342,11.7092,0.32703016755330894,0.5,0.3,Viable tumour cell
0.620696,-11.4555,0.32348455314416075,0.5,0.3,Viable tumour cell
1.75492,-0.25848,0.25729110428390817,0.5,0.3,Necrotic
-10.5986,-4.04016,0.30193820308664715,0.5,0.3,Viable tumour cell
-0.412633,1.02374,0.25791173367460185,0.5,0.3,Necrotic
1.16291,-0.379621,0.2575219538610102,0.5,0.3,Necrotic
-8.50876,-7.68457,0.30910802737517945,0.5,0.3,Viable tumour cell
0.248176,-0.470744,0.25791047889018726,0.5,0.3,Necrotic
-4.41728,2.71501,0.2577473454645754,0.5,0.3,Necrotic
0.247449,-1.91454,0.2580848550739386,0.5,0.3,Necrotic
0.814446,0.0976253,0.2576253444159326,0.5,0.3,Necrotic
0.388821,-3.97319,0.25799874791577193,0.5,0.3,Necrotic
0.312715,0.125338,0.25782482770932585,0.5,0.3,Necrotic
0.464795,-0.0719462,0.2577793535949607,0.5,0.3,Necrotic
0.398071,-0.269242,0.25781851573546044,0.5,0.3,Necrotic
-1.89218,-0.830542,0.2590855343659226,0.5,0.3,Necrotic
-12.6235,-0.300152,0.33768162092752213,0.5,0.3,Viable tumour cell
15.4687,-2.50357,0.5851577013021216,0.5,0.3,Viable tumour cell
-5.26458,-6.92144,0.2670376227447568,0.5,0.3,Necrotic
-5.57031,-5.26942,0.26394593351180295,0.5,0.3,Necrotic
-0.501365,0.277832,0.258097944203741,0.5,0.3,Necrotic
0.676923,0.0409849,0.2576857927701802,0.5,0.3,Necrotic
5.33091,5.6071,0.2561526973398336,0.5,0.3,Viable tumour cell
0.476154,-0.427241,0.2577969357469833,0.5,0.3,Necrotic
-0.0952757,0.383191,0.25792398922987786,0.5,0.3,Necrotic
14.7639,-0.207796,0.4973633989977863,0.5,0.3,Viable tumour cell
0.7294,-0.306004,0.2576874312123618,0.5,0.3,Necrotic
13.2873,9.26617,0.610852198769072,0.5,0.3,Viable tumour cell
11.6472,11.7706,0.6707843310002493,0.5,0.3,Viable tumour cell
-4.48757,1.76412,0.25877716896464176,0.5,0.3,Necrotic
-3.66752,-1.19573,0.26038783044287017,0.5,0.3,Necrotic
0.680929,-0.0083195,0.2576883806806872,0.5,0.3,Necrotic
11.9592,6.67219,0.4153073381164817,0.5,0.3,Viable tumour cell
1.22849,0.204162,0.2574553304686677,0.5,0.3,Necrotic
0.389827,0.0502955,0.2578005273499159,0.5,0.3,Necrotic
0.64265,0.615516,0.2576479780818456,0.5,0.3,Necrotic
-0.303909,0.123904,0.25805703472532143,0.5,0.3,Necrotic
0.129431,-0.529453,0.2579771352747202,0.5,0.3,Necrotic
0.423625,-0.287564,0.2578093713924443,0.5,0.3,Necrotic
2.3453,0.67383,0.2570914832986349,0.5,0.3,Necrotic
0.671773,-0.0488519,0.25769459378344034,0.5,0.3,Necrotic
0.405954,-0.396313,0.2578232662646262,0.5,0.3,Necrotic
0.62127,-0.0924582,0.2577176433260002,0.5,0.3,Necrotic
0.249795,-0.0529406,0.2578647168520336,0.5,0.3,Necrotic
0.383766,0.181016,0.2577912244637497,0.5,0.3,Necrotic
-15.2424,6.58971,0.5822475998328995,0.5,0.3,Viable tumour cell
-1.72097,-1.5181,0.2592130198453795,0.5,0.3,Necrotic
0.321247,-0.269174,0.2578494373323385,0.5,0.3,Necrotic
-14.6041,1.3762,0.4321986158496407,0.5,0.3,Viable tumour cell
0.332226,0.0597955,0.25782286131753646,0.5,0.3,Necrotic
0.889873,0.314546,0.2575754946767903,0.5,0.3,Necrotic
-0.502367,0.436112,0.2580534175912537,0.5,0.3,Necrotic
-1.87927,0.661848,0.2585348353452656,0.5,0.3,Necrotic
0.362682,-0.710213,0.2578900167157694,0.5,0.3,Necrotic
0.436661,-0.364821,0.2578089415202779,0.5,0.3,Necrotic
0.753126,-0.19397,0.25767089404947796,0.5,0.3,Necrotic
-5.83031,-0.735182,0.26197608110513826,0.5,0.3,Necrotic
0.529631,0.121136,0.2577378854236921,0.5,0.3,Necrotic
-3.57433,14.8032,0.5062110584073791,0.5,0.3,Viable tumour cell
0.156777,-2.09804,0.2581387285469213,0.5,0.3,Necrotic
-4.2754,5.16881,0.25518246980839876,0.5,0.3,Necrotic
0.792155,-0.46788,0.25767226277804617,0.5,0.3,Necrotic
0.39611,-0.187538,0.2578142106206921,0.5,0.3,Necrotic
0.515743,1.82963,0.2574945761760007,0.5,0.3,Necrotic
-11.2983,-9.31882,0.4482927764195056,0.5,0.3,Viable tumour cell
15.0652,-1.56398,0.533071382899582,0.5,0.3,Viable tumour cell
0.493458,-0.331026,0.25778397038440504,0.5,0.3,Necrotic
6.57921,-9.15905,0.3159721899389922,0.5,0.3,Viable tumour cell
6.11016,-3.44847,0.25487863976733544,0.5,0.3,Necrotic
-1.72657,0.706233,0.25846638893263424,0.5,0.3,Necrotic
-14.5188,0.428252,0.4239459903665941,0.5,0.3,Viable tumour cell
0.798903,0.217989,0.25762078883281836,0.5,0.3,Necrotic
-2.47185,0.874784,0.25865384208387054,0.5,0.3,Necrotic
-3.87565,0.227897,0.25972092290650256,0.5,0.3,Necrotic
0.645045,-0.224869,0.25771632922355814,0.5,0.3,Necrotic
8.7097,-7.85514,0.3293007266181804,0.5,0.3,Viable tumour cell
0.53333,-0.0376444,0.25774962567801424,0.5,0.3,Necrotic
0.582932,-0.142266,0.257736181944319,0.5,0.3,Necrotic
1.80709,-0.188051,0.2572682557328381,0.5,0.3,Necrotic
-1.77779,2.58102,0.2577378827850967,0.5,0.3,Necrotic
9.98907,-9.09816,0.41442265371213893,0.5,0.3,Viable tumour cell
-2.43584,0.408774,0.25883793764937063,0.5,0.3,Necrotic
0.306563,0.434948,0.2577879458400309,0.5,0.3,Necrotic
0.88987,-0.398746,0.25762861647748503,0.5,0.3,Necrotic
-16.1253,0.0295172,0.5277697848503636,0.5,0.3,Viable tumour cell
0.412716,-0.280123,0.2578132988826509,0.5,0.3,Necrotic
1.29381,-1.18835,0.25748265984610685,0.5,0.3,Necrotic
0.393188,-0.00337572,0.2578039031934982,0.5,0.3,Necrotic
-4.26659,4.20408,0.25617449050137864,0.5,0.3,Necrotic
-2.78522,1.84207,0.25822441571079835,0.5,0.3,Necrotic
-1.14101,1.19617,0.2580742893875848,0.5,0.3,Necrotic
0.553039,-0.179902,0.25775056229571464,0.5,0.3,Necrotic
-0.251643,-0.0975911,0.2580939188987346,0.5,0.3,Necrotic
0.658516,-0.93245,0.2577784842760933,0.5,0.3,Necrotic
-0.323377,-4.38941,0.2585563022585041,0.5,0.3,Necrotic
1.06032,0.615631,0.25748147678631395,0.5,0.3,Necrotic
0.542868,-0.0987849,0.25774959863106717,0.5,0.3,Necrotic
0.25731,-0.343022,0.25788711912653556,0.5,0.3,Necrotic
-0.338838,0.314271,0.25801793514946125,0.5,0.3,Necrotic
-8.51731,-14.7675,0.6854394094724011,0.5,0.3,Viable tumour cell
-1.05551,-2.52762,0.25897649609048645,0.5,0.3,Necrotic
0.462577,-0.3319,0.2577964558966454,0.5,0.3,Necrotic
4.6531,2.12137,0.25702708489437925,0.5,0.3,Necrotic
6.63981,-0.70837,0.25522866653468673,0.5,0.3,Necrotic
0.531288,-0.241112,0.2577631350952798,0.5,0.3,Necrotic
0.134095,-0.302518,0.2579412765753166,0.5,0.3,Necrotic
-2.5785,2.03944,0.2580631714492573,0.5,0.3,Necrotic
0.239364,-0.139387,0.257874306444286,0.5,0.3,Necrotic
-0.158994,-0.100537,0.25805493665803425,0.5,0.3,Necrotic
0.579398,0.0191901,0.2577270095128579,0.5,0.3,Necrotic
0.598416,2.07711,0.25744698637795427,0.5,0.3,Necrotic
-6.30834,-15.8853,0.7130638306084779,0.5,0.3,Viable tumour cell
0.355189,-0.0274638,0.2578207019650026,0.5,0.3,Necrotic
0.89227,0.292119,0.25757654471464303,0.5,0.3,Necrotic
-4.10623,0.4916,0.2596397811102795,0.5,0.3,Necrotic
0.74049,-0.292191,0.2576821054914339,0.5,0.3,Necrotic
-7.40828,-2.79414,0.2640847233057356,0.5,0.3,Necrotic
0.126474,0.0857331,0.2579033572750989,0.5,0.3,Necrotic
0.313044,0.0335809,0.25783293802452206,0.5,0.3,Necrotic
-3.89676,4.53118,0.2559571928744435,0.5,0.3,Necrotic
8.50102,-15.6876,0.8493040504898559,0.5,0.3,Viable tumour cell
9.06047,-11.3906,0.48292996950687905,0.5,0.3,Viable tumour cell
0.967265,-0.740864,0.25761879416212097,0.5,0.3,Necrotic
0.467055,-0.339695,0.25779513947433347,0.5,0.3,Necrotic
-15.544,-4.66095,0.5603906886500787,0.5,0.3,Viable tumour cell
-1.55116,-6.93289,0.25988443077998813,0.5,0.3,Necrotic
0.252278,-0.228052,0.2578746369240333,0.5,0.3,Necrotic
4.10347,8.19804,0.2708780634101479,0.5,0.3,Viable tumour cell
0.0421392,0.784337,0.2578078040294201,0.5,0.3,Necrotic
0.305424,0.69133,0.2577422142545151,0.5,0.3,Necrotic
0.0717657,-0.486652,0.2579989526767432,0.5,0.3,Necrotic
0.338564,-0.468242,0.2578659831199601,0.5,0.3,Necrotic
-0.505401,-0.183966,0.258224004193392,0.5,0.3,Necrotic
5.6597,-11.2637,0.3724018995302727,0.5,0.3,Viable tumour cell
5.14906,14.6047,0.5413992652332544,0.5,0.3,Viable tumour cell
0.758485,-0.0173013,0.25765772040712687,0.5,0.3,Necrotic
-6.93835,0.674152,0.26182814822184797,0.5,0.3,Necrotic
-0.548991,-2.13715,0.25859361097358713,0.5,0.3,Necrotic
-2.5886,-3.19,0.260326896458912,0.5,0.3,Necrotic
0.248468,-0.0785293,0.25786684667532334,0.5,0.3,Necrotic
-4.73219,-8.43964,0.27631164192030866,0.5,0.3,Viable tumour cell
0.60085,0.128895,0.25770851906603504,0.5,0.3,Necrotic
0.356268,-0.678672,0.25788848048131896,0.5,0.3,Necrotic
-0.123557,-17.9144,0.8297227121260813,0.5,0.3,Viable tumour cell
1.00252,-0.0863769,0.25756386022483924,0.5,0.3,Necrotic
0.33909,0.0396696,0.2578219063771257,0.5,0.3,Necrotic
0.604181,0.0793542,0.25771162828381905,0.5,0.3,Necrotic
-12.8968,4.8522,0.38344909101231134,0.5,0.3,Viable tumour cell
-0.134172,-2.88987,0.2583811901994856,0.5,0.3,Necrotic
1.80409,-4.60967,0.25700791747288476,0.5,0.3,Necrotic
0.410772,0.0642453,0.257790842867362,0.5,0.3,Necrotic
0.445161,-0.311661,0.25780220464146303,0.5,0.3,Necrotic
-7.87599,1.61495,0.26045540258264965,0.5,0.3,Necrotic
0.202526,-0.417386,0.2579248679962269,0.5,0.3,Necrotic
0.855928,-0.545867,0.2576514539377292,0.5,0.3,Necrotic
-15.5281,-8.4678,0.7148126457713113,0.5,0.3,Viable tumour cell
0.0897483,-0.19983,0.25794772933353344,0.5,0.3,Necrotic
-1.2464,0.55636,0.2583453202834518,0.5,0.3,Necrotic
-18.976,2.27049,0.8585386771838863,0.5,0.3,Viable tumour cell
1.19004,-2.96197,0.2575506887662658,0.5,0.3,Necrotic
-11.1769,13.7754,0.7432292788745675,0.5,0.3,Viable tumour cell
0.640873,0.25353,0.25768121143870615,0.5,0.3,Necrotic
2.44125,-11.107,0.3201417622529599,0.5,0.3,Viable tumour cell
-0.839275,15.4604,0.5440424342001112,0.5,0.3,Viable tumour cell
-3.41713,3.27656,0.2571986011854159,0.5,0.3,Necrotic
6.44611,-10.8599,0.3709677892596984,0.5,0.3,Viable tumour cell
3.6282,-3.65192,0.2564150056266076,0.5,0.3,Necrotic
0.892199,-0.108583,0.25760958549138807,0.5,0.3,Necrotic
-1.02912,-5.86256,0.25921978051691125,0.5,0.3,Necrotic
1.1143,-0.534555,0.2575498564371859,0.5,0.3,Necrotic
-2.88843,1.17685,0.25865956693592757,0.5,0.3,Necrotic
0.411298,-0.0243024,0.25779791796864837,0.5,0.3,Necrotic
0.40034,0.0699451,0.25779453015396103,0.5,0.3,Necrotic
-2.58904,-0.38604,0.2593309668634119,0.5,0.3,Necrotic
0.218145,-0.288866,0.2578982247499123,0.5,0.3,Necrotic
3.38667,-15.9772,0.6467218060404758,0.5,0.3,Viable tumour cell
0.734006,-0.163954,0.2576767190673558,0.5,0.3,Necrotic
0.482303,-0.34476,0.2577893172555845,0.5,0.3,Necrotic
1.29079,0.354112,0.2574184801758297,0.5,0.3,Necrotic
3.5005,11.6437,0.3464560465474986,0.5,0.3,Viable tumour cell
-2.79717,1.71642,0.25830532743365964,0.5,0.3,Necrotic
-0.348277,1.16438,0.25786534564731933,0.5,0.3,Necrotic
0.217856,-0.643178,0.25795079790937825,0.5,0.3,Necrotic
-2.92804,1.9412,0.2581864120854018,0.5,0.3,Necrotic
0.0100254,-0.217854,0.25798931560949817,0.5,0.3,Necrotic
0.780272,-0.0127837,0.2576486682741601,0.5,0.3,Necrotic
2.67383,-1.20698,0.25685602788843376,0.5,0.3,Necrotic
8.49199,-6.04812,0.2907011603667995,0.5,0.3,Viable tumour cell
-1.16608,0.174109,0.2584171339127443,0.5,0.3,Necrotic
0.286602,0.0586204,0.25784133295601597,0.5,0.3,Necrotic
0.891018,-0.372015,0.2576264877284383,0.5,0.3,Necrotic
-5.32135,-3.3705,0.26255270564995203,0.5,0.3,Necrotic
3.85156,1.15813,0.25680945059161225,0.5,0.3,Necrotic
0.943127,0.326554,0.25755297845074887,0.5,0.3,Necrotic
13.4877,-6.4968,0.5266056876196474,0.5,0.3,Viable tumour cell
0.351015,-0.653946,0.25788738599027644,0.5,0.3,Necrotic
0.784021,0.200487,0.25762835203786316,0.5,0.3,Necrotic
0.725552,0.364941,0.2576371152858696,0.5,0.3,Necrotic
1.41272,-3.68075,0.25737441264565974,0.5,0.3,Necrotic
0.452717,-2.30037,0.2579692065125271,0.5,0.3,Necrotic
0.697147,-0.265199,0.25769787033742725,0.5,0.3,Necrotic
0.951744,2.49563,0.25731505332588006,0.5,0.3,Necrotic
10.7097,-13.1264,0.6993679553873604,0.5,0.3,Viable tumour cell
0.911618,4.36315,0.2572006805748764,0.5,0.3,Necrotic
-3.25039,5.15559,0.25550676060574495,0.5,0.3,Necrotic
4.48835,-0.447387,0.2561445777501817,0.5,0.3,Necrotic
1.88799,-0.114909,0.25723308786341553,0.5,0.3,Necrotic
6.06487,5.47741,0.25729108811970597,0.5,0.3,Viable tumour cell
-1.86554,1.33153,0.2582437310419643,0.5,0.3,Necrotic
-4.20404,3.31399,0.25716549812570383,0.5,0.3,Necrotic
5.39118,-0.719026,0.2557171722093591,0.5,0.3,Necrotic
-0.321931,-1.53848,0.2583435786112679,0.5,0.3,Necrotic
0.416944,0.742013,0.25769823974498984,0.5,0.3,Necrotic
0.0349239,-0.304967,0.257990051896991,0.5,0.3,Necrotic
2.57385,0.341446,0.2570145298498522,0.5,0.3,Necrotic
-0.097476,-0.223605,0.2580464793562443,0.5,0.3,Necrotic
0.350963,0.0679542,0.25781458582128797,0.5,0.3,Necrotic
-5.11419,2.58136,0.25804458008381803,0.5,0.3,Necrotic
2.018,18.1247,0.8473560958576634,0.5,0.3,Viable tumour cell
0.301279,0.0629498,0.25783503569919863,0.5,0.3,Necrotic
1.53954,0.0894196,0.2573489029574228,0.5,0.3,Necrotic
1.55396,-16.2951,0.645833419387462,0.5,0.3,Viable tumour cell
0.446248,-0.410401,0.2578079244138855,0.5,0.3,Necrotic
-1.5038,10.4584,0.29183251661563664,0.5,0.3,Viable tumour cell
0.431472,-0.62472,0.2578437838536772,0.5,0.3,Necrotic
3.07244,2.29955,0.2568830765760773,0.5,0.3,Necrotic
1.32723,-0.312184,0.2574560795771035,0.5,0.3,Necrotic
0.721036,0.0570447,0.2576665921673391,0.5,0.3,Necrotic
-0.161193,-0.645191,0.25814247712986166,0.5,0.3,Necrotic
1.06508,-2.09898,0.2576271690951037,0.5,0.3,Necrotic
10.1596,-0.406393,0.28414793101377395,0.5,0.3,Viable tumour cell
0.365465,0.803481,0.2577032838083373,0.5,0.3,Necrotic
2.89491,-3.12893,0.25665840420035224,0.5,0.3,Necrotic
6.04715,0.756125,0.2566143157354194,0.5,0.3,Necrotic
-14.3091,-9.76225,0.6796902988465036,0.5,0.3,Viable tumour cell
0.341743,-0.954984,0.2579364603939228,0.5,0.3,Necrotic
-4.89078,0.942328,0.2597331651788082,0.5,0.3,Necrotic
0.270594,-0.47565,0.257900260997423,0.5,0.3,Necrotic
-0.169711,0.171883,0.2579861161068764,0.5,0.3,Necrotic
-0.278449,0.707456,0.2579251078742194,0.5,0.3,Necrotic
2.81388,6.69966,0.2589652841532262,0.5,0.3,Necrotic
-0.983268,1.79741,0.2578701326197398,0.5,0.3,Necrotic
-0.363876,2.08962,0.25765546048802584,0.5,0.3,Necrotic
13.9665,-10.2323,0.7398084707270314,0.5,0.3,Viable tumour cell
2.23492,8.49152,0.2672776406340698,0.5,0.3,Viable tumour cell
-10.4233,-14.8184,0.7961257986997382,0.5,0.3,Viable tumour cell
6.49688,4.12133,0.25908459943412443,0.5,0.3,Necrotic
-2.66893,-15.1968,0.5421936876463571,0.5,0.3,Viable tumour cell
14.7075,4.32621,0.5292953621120633,0.5,0.3,Viable tumour cell
0.971654,-0.170278,0.25758144788873666,0.5,0.3,Necrotic
-7.44939,5.20082,0.2584763436497888,0.5,0.3,Viable tumour cell
1.01943,-0.711838,0.2575965166842494,0.5,0.3,Necrotic
-6.98771,10.9777,0.36435028681932846,0.5,0.3,Viable tumour cell
0.592772,-0.292018,0.25774155871530513,0.5,0.3,Necrotic
-1.89347,9.79192,0.27891310515461026,0.5,0.3,Viable tumour cell
0.0205592,-1.20771,0.25812452973582606,0.5,0.3,Necrotic
-2.93609,2.045,0.2581200337721644,0.5,0.3,Necrotic
0.373337,2.88154,0.25739191313065946,0.5,0.3,Necrotic
0.202262,-0.399797,0.25792239400395073,0.5,0.3,Necrotic
3.62563,-5.55172,0.25688703871644686,0.5,0.3,Necrotic
-2.07817,10.9695,0.3057897220061379,0.5,0.3,Viable tumour cell
12.8464,4.03548,0.40470322839982,0.5,0.3,Viable tumour cell
7.47587,-7.26755,0.2908809249055605,0.5,0.3,Viable tumour cell
0.493635,-0.344231,0.25778472230728305,0.5,0.3,Necrotic
10.704,8.96123,0.4351480676462186,0.5,0.3,Viable tumour cell
0.285834,0.292854,0.2578199693376767,0.5,0.3,Necrotic
16.717,2.30032,0.6818637233322786,0.5,0.3,Viable tumour cell
0.5311,0.124435,0.25773699746999584,0.5,0.3,Necrotic
0.454854,-0.00457468,0.25777915425681613,0.5,0.3,Necrotic
14.599,8.32095,0.6562887261634825,0.5,0.3,Viable tumour cell
0.4656,-0.296492,0.257793031237391,0.5,0.3,Necrotic
-2.34835,2.93146,0.2575567061130869,0.5,0.3,Necrotic
1.19616,-4.2623,0.2573838571651728,0.5,0.3,Necrotic
-3.20331,2.59703,0.2577971125921867,0.5,0.3,Necrotic
-0.318469,0.190751,0.25804428833400606,0.5,0.3,Necrotic
4.54956,1.36911,0.2567892333165803,0.5,0.3,Necrotic
1.14711,-0.434947,0.25753133393928684,0.5,0.3,Necrotic
0.982798,-0.0190881,0.25756753434177027,0.5,0.3,Necrotic
9.01954,-1.62982,0.26557766596412263,0.5,0.3,Viable tumour cell
-0.341749,-0.923562,0.25827891411420056,0.5,0.3,Necrotic
0.396638,0.36145,0.2577698340839242,0.5,0.3,Necrotic
0.354273,-1.03091,0.2579406679028374,0.5,0.3,Necrotic
0.490511,0.128189,0.2577529995929574,0.5,0.3,Necrotic
0.682512,-0.154916,0.2576968847233019,0.5,0.3,Necrotic
0.978721,-0.421628,0.2575942760936926,0.5,0.3,Necrotic
0.665275,-6.24746,0.2565525134098622,0.5,0.3,Necrotic
0.324362,-0.283785,0.2578490945806452,0.5,0.3,Necrotic
0.292323,-3.69589,0.25809293133481254,0.5,0.3,Necrotic
4.32876,4.50587,0.2559166972335161,0.5,0.3,Necrotic
0.40092,-0.446198,0.25783228031182587,0.5,0.3,Necrotic
-3.16447,-16.1884,0.6421627673194252,0.5,0.3,Viable tumour cell
-11.7619,0.504241,0.3101181948798281,0.5,0.3,Viable tumour cell
0.12191,-0.139182,0.25792305391949066,0.5,0.3,Necrotic
3.71528,-14.1058,0.49230834896196535,0.5,0.3,Viable tumour cell
1.06304,-3.523,0.2575708061765544,0.5,0.3,Necrotic
-0.531836,1.69475,0.2578036078685749,0.5,0.3,Necrotic
1.81825,0.261155,0.2572352457478595,0.5,0.3,Necrotic
-0.000781349,1.21823,0.2577428720707469,0.5,0.3,Necrotic
0.376827,-0.524166,0.25785557961421085,0.5,0.3,Necrotic
-3.02598,-5.32967,0.26163282386379316,0.5,0.3,Necrotic
-1.80566,-1.23059,0.25917021626331355,0.5,0.3,Necrotic
-4.73259,1.28905,0.25936026333897716,0.5,0.3,Necrotic
0.479859,-0.260733,0.2577850614720491,0.5,0.3,Necrotic
-1.50423,-3.67542,0.2595523391636897,0.5,0.3,Necrotic
0.352059,-0.53177,0.2578687963392744,0.5,0.3,Necrotic
-0.779829,-0.504943,0.25842086699586686,0.5,0.3,Necrotic
9.44247,14.3353,0.7039899981703698,0.5,0.3,Viable tumour cell
-4.08888,2.02134,0.258381455567734,0.5,0.3,Necrotic
6.30757,1.64458,0.25736025413232505,0.5,0.3,Necrotic
-3.53573,1.70082,0.2584664939300809,0.5,0.3,Necrotic
1.21838,-0.662138,0.2575187525947048,0.5,0.3,Necrotic
-18.5234,1.27832,0.7889439608216912,0.5,0.3,Viable tumour cell
-3.51081,10.2188,0.2934865559091101,0.5,0.3,Viable tumour cell
0.369736,-0.374295,0.25783686321167093,0.5,0.3,Necrotic
0.650586,0.796894,0.2576153326673565,0.5,0.3,Necrotic
0.398581,-1.16558,0.25793499541402964,0.5,0.3,Necrotic
-0.0275871,1.24586,0.2577465533633727,0.5,0.3,Necrotic
0.277267,4.24031,0.2573276703961514,0.5,0.3,Necrotic
-5.98328,12.5587,0.41506040998736,0.5,0.3,Viable tumour cell
0.312512,0.0774429,0.2578292120465835,0.5,0.3,Necrotic
1.79023,-0.895443,0.2572613793215337,0.5,0.3,Necrotic
-0.356578,1.04013,0.257890579359633,0.5,0.3,Necrotic
0.967362,0.0119595,0.25757148329624735,0.5,0.3,Necrotic
4.66786,16.0038,0.650989580267743,0.5,0.3,Viable tumour cell
-0.383299,-0.194032,0.2581741562088807,0.5,0.3,Necrotic
3.12231,-16.8349,0.731124524909893,0.5,0.3,Viable tumour cell
0.363759,-0.350232,0.25783737838028187,0.5,0.3,Necrotic
0.880869,0.522801,0.2575604116003424,0.5,0.3,Necrotic
-13.8607,-7.36763,0.5211200241475413,0.5,0.3,Viable tumour cell
2.3231,-2.30622,0.2569699041086833,0.5,0.3,Necrotic
0.70604,1.27813,0.257511028036655,0.5,0.3,Necrotic
-5.16524,-2.01222,0.2619635835167833,0.5,0.3,Necrotic
0.555682,-0.320565,0.2577582694164542,0.5,0.3,Necrotic
0.180224,0.053565,0.2578846098483945,0.5,0.3,Necrotic
0.248219,0.0221665,0.25786005910607374,0.5,0.3,Necrotic
0.51287,0.0083731,0.25775476216268234,0.5,0.3,Necrotic
-4.02926,-1.68905,0.26087599741895984,0.5,0.3,Necrotic
1.89098,0.525927,0.25721122837453914,0.5,0.3,Necrotic
-1.56538,-0.590588,0.25881274522427655,0.5,0.3,Necrotic
-0.00174504,-0.277823,0.258004004567801,0.5,0.3,Necrotic
-7.00508,1.30409,0.2607929841481434,0.5,0.3,Necrotic
-2.58774,1.91668,0.2581440636234281,0.5,0.3,Necrotic
11.0432,4.05377,0.32719773065445695,0.5,0.3,Viable tumour cell
1.0004,1.24404,0.2574422544494334,0.5,0.3,Necrotic
-2.83891,0.937736,0.2587580982571346,0.5,0.3,Necrotic
-7.17468,-8.44433,0.30099705293330903,0.5,0.3,Viable tumour cell
0.612667,-0.576117,0.25775126547596267,0.5,0.3,Necrotic
0.519163,-0.137534,0.25776155709843707,0.5,0.3,Necrotic
0.989462,0.650392,0.2575052351856342,0.5,0.3,Necrotic
4.56279,8.94338,0.2829465030311163,0.5,0.3,Viable tumour cell
0.79612,0.259879,0.25761814615392314,0.5,0.3,Necrotic
0.329877,0.661534,0.2577399256852566,0.5,0.3,Necrotic
-16.0818,-8.18627,0.7543310661446412,0.5,0.3,Viable tumour cell
-8.28832,-5.11201,0.271141533257372,0.5,0.3,Viable tumour cell
-1.73776,0.854727,0.2584086245225163,0.5,0.3,Necrotic
1.99106,0.689483,0.25718011596584817,0.5,0.3,Necrotic
-1.9933,-1.84917,0.2594733273459474,0.5,0.3,Necrotic
-1.47807,0.139628,0.2585697148811143,0.5,0.3,Necrotic
-3.92194,-4.86075,0.2623535005034801,0.5,0.3,Necrotic
0.478464,-0.0667988,0.25777352997254,0.5,0.3,Necrotic
0.715564,-0.0586426,0.2576775763989101,0.5,0.3,Necrotic
1.77781,-0.433374,0.25727688793188386,0.5,0.3,Necrotic
0.742321,-0.211497,0.25767633657083217,0.5,0.3,Necrotic
0.772642,-0.276058,0.2576681566563417,0.5,0.3,Necrotic
0.85819,-0.88024,0.2576732816014579,0.5,0.3,Necrotic
0.792747,-1.7872,0.25777087873647664,0.5,0.3,Necrotic
-7.30116,-15.941,0.7711932713446441,0.5,0.3,Viable tumour cell
0.33895,0.497605,0.25776655775263824,0.5,0.3,Necrotic
-2.36601,-2.77153,0.26003647714762573,0.5,0.3,Necrotic
-2.56477,-1.85995,0.25987357227667707,0.5,0.3,Necrotic
-3.69697,5.85712,0.2549655976702964,0.5,0.3,Viable tumour cell
0.0420305,-3.70227,0.2582525111110424,0.5,0.3,Necrotic
0.755274,-0.306929,0.2576770731657215,0.5,0.3,Necrotic
2.25929,5.38329,0.2567163502003132,0.5,0.3,Necrotic
-3.15099,1.79073,0.25832605184355145,0.5,0.3,Necrotic
10.5026,-2.70374,0.3046818164289937,0.5,0.3,Viable tumour cell
5.58427,3.94473,0.25741277814519625,0.5,0.3,Necrotic
1.69147,1.72852,0.257221358645611,0.5,0.3,Necrotic
0.481131,-0.0119582,0.2577690367704033,0.5,0.3,Necrotic
0.605997,0.119428,0.2577072976562364,0.5,0.3,Necrotic
0.402495,0.204789,0.25778154942822923,0.5,0.3,Necrotic
1.73419,-0.152618,0.25729340440526105,0.5,0.3,Necrotic
0.361952,0.0721653,0.25780978401378485,0.5,0.3,Necrotic
-2.72353,0.786729,0.2587796131667091,0.5,0.3,Necrotic
2.14769,-5.96609,0.25645102040341483,0.5,0.3,Necrotic
-18.3351,-0.516926,0.7605434008458496,0.5,0.3,Viable tumour cell
0.087182,-0.0689298,0.25793117418812705,0.5,0.3,Necrotic
0.859827,-0.479376,0.25764573807867686,0.5,0.3,Necrotic
1.57047,-1.44559,0.25734983998898925,0.5,0.3,Necrotic
10.3715,-14.1596,0.8035803176411618,0.5,0.3,Viable tumour cell
1.78962,-2.01225,0.25724979621498567,0.5,0.3,Necrotic
0.37171,-0.239885,0.2578272969190012,0.5,0.3,Necrotic
0.936872,0.104879,0.2575754101248716,0.5,0.3,Necrotic
0.393078,0.09208,0.257795465201347,0.5,0.3,Necrotic
1.32772,2.14405,0.2572629864193214,0.5,0.3,Necrotic
-2.95677,0.861492,0.2588458516007701,0.5,0.3,Necrotic
1.40826,-3.37497,0.2574046612153621,0.5,0.3,Necrotic
0.991983,1.62544,0.25740172861672117,0.5,0.3,Necrotic
5.58329,1.16822,0.25690253212301334,0.5,0.3,Necrotic
1.07067,3.16439,0.25721107826184275,0.5,0.3,Necrotic
3.37128,-3.75535,0.25650886662495404,0.5,0.3,Necrotic
0.923525,0.691242,0.2575281086634751,0.5,0.3,Necrotic
-0.29536,-0.200417,0.25813804172836646,0.5,0.3,Necrotic
-0.358815,-0.377314,0.2582070814793785,0.5,0.3,Necrotic
-2.2738,1.86087,0.2581258425144935,0.5,0.3,Necrotic
-12.0911,-11.4281,0.6088431060049977,0.5,0.3,Viable tumour cell
-0.927429,1.36759,0.2579836987437981,0.5,0.3,Necrotic
-0.181006,0.199378,0.25798483684918716,0.5,0.3,Necrotic
0.436875,-0.834091,0.2578721292019557,0.5,0.3,Necrotic
1.09637,6.93572,0.2572787391954203,0.5,0.3,Necrotic
-2.48429,1.79728,0.25820147698756046,0.5,0.3,Necrotic
1.58307,3.36694,0.2570434518102155,0.5,0.3,Necrotic
1.41025,-0.464449,0.2574344178191727,0.5,0.3,Necrotic
-0.959212,-1.95922,0.2588183795100453,0.5,0.3,Necrotic
-0.00476691,-1.44124,0.25816475226653335,0.5,0.3,Necrotic
0.741501,-0.126367,0.25767135841488836,0.5,0.3,Necrotic
-2.03446,3.48984,0.25736768744041916,0.5,0.3,Necrotic
0.327556,0.0368033,0.25782680667471325,0.5,0.3,Necrotic
2.80942,-5.84845,0.2566119110431468,0.5,0.3,Necrotic
1.33027,-0.715506,0.25747626301951987,0.5,0.3,Necrotic
0.453434,10.4851,0.29328550822646104,0.5,0.3,Viable tumour cell
0.828359,0.579323,0.2575764718582334,0.5,0.3,Necrotic
-0.0565103,0.681148,0.25785785524716104,0.5,0.3,Necrotic
-0.711277,-1.29077,0.2585198042644506,0.5,0.3,Necrotic
9.13223,-6.56108,0.31237944888055497,0.5,0.3,Viable tumour cell
3.42475,4.95564,0.2556545813746165,0.5,0.3,Necrotic
-1.8308,1.19928,0.25829085588086514,0.5,0.3,Necrotic
0.777118,-0.249981,0.2576647287060079,0.5,0.3,Necrotic
0.479074,-0.507407,0.25780318509946887,0.5,0.3,Necrotic
-5.62687,7.33884,0.2633293292842279,0.5,0.3,Viable tumour cell
-3.09296,1.33494,0.25859954004333213,0.5,0.3,Necrotic
1.31525,-0.122332,0.25744873676978663,0.5,0.3,Necrotic
0.292605,0.0990666,0.2578352832098554,0.5,0.3,Necrotic
-2.90506,1.57827,0.2584103671657477,0.5,0.3,Necrotic
1.37387,-1.02852,0.25744956362253246,0.5,0.3,Necrotic
-0.158668,-1.26816,0.2582254262573744,0.5,0.3,Necrotic
-2.90641,-0.0429045,0.2593272353444621,0.5,0.3,Necrotic
2.03615,-1.37749,0.2571380841561311,0.5,0.3,Necrotic
1.36921,-0.928,0.2574538848776764,0.5,0.3,Necrotic
3.18488,-1.4636,0.2565651289130244,0.5,0.3,Necrotic
0.140326,-0.69895,0.25799689957000893,0.5,0.3,Necrotic
-12.7988,-2.71969,0.3594623108952879,0.5,0.3,Viable tumour cell
0.543628,-1.02159,0.2578471243878023,0.5,0.3,Necrotic
10.3075,7.75603,0.3739925597551774,0.5,0.3,Viable tumour cell
-5.9865,2.08489,0.2589352335230317,0.5,0.3,Necrotic
-4.98364,14.1676,0.48605072228928387,0.5,0.3,Viable tumour cell
-1.97304,-0.69862,0.25908420958705564,0.5,0.3,Necrotic
5.0854,4.55423,0.25607643925367946,0.5,0.3,Necrotic
0.742545,0.0644554,0.2576572683022328,0.5,0.3,Necrotic
-12.8915,-13.9155,0.8813490643221542,0.5,0.3,Viable tumour cell
0.556855,-0.0394609,0.2577402689102342,0.5,0.3,Necrotic
2.25166,-1.81087,0.2570273760527467,0.5,0.3,Necrotic
-9.14472,4.76851,0.27282061572488425,0.5,0.3,Viable tumour cell
-4.22881,-4.08271,0.26212094418648124,0.5,0.3,Necrotic
0.494208,-0.829081,0.2578433988946066,0.5,0.3,Necrotic
-3.57771,1.13339,0.2589239459437594,0.5,0.3,Necrotic
0.413326,0.144871,0.25778257190071524,0.5,0.3,Necrotic
0.514501,-0.811236,0.25783085168583586,0.5,0.3,Necrotic
1.96958,0.490052,0.2571883811187766,0.5,0.3,Necrotic
-1.62177,-0.420243,0.2587836347072572,0.5,0.3,Necrotic
-10.6823,10.5185,0.4695599744371479,0.5,0.3,Viable tumour cell
1.54468,1.04989,0.25730596160517444,0.5,0.3,Necrotic
-0.0322619,4.78963,0.2574567737109572,0.5,0.3,Necrotic
1.30821,2.94146,0.2571780919045079,0.5,0.3,Necrotic
6.88889,-6.60114,0.27356141678394585,0.5,0.3,Viable tumour cell
0.587581,-0.230953,0.2577398407751492,0.5,0.3,Necrotic
1.80081,-0.341008,0.25726829535480994,0.5,0.3,Necrotic
-2.73004,1.42015,0.2584799404664834,0.5,0.3,Necrotic
0.813822,-2.63737,0.2577615060504696,0.5,0.3,Necrotic
4.19143,-3.35244,0.25600310021777545,0.5,0.3,Necrotic
-2.7643,-6.13228,0.2616380118584385,0.5,0.3,Necrotic
3.84653,3.34227,0.2566544522354791,0.5,0.3,Necrotic
0.0921446,-0.189459,0.25794502480940046,0.5,0.3,Necrotic
2.85981,-3.80608,0.2566959378240539,0.5,0.3,Necrotic
-16.9536,-5.76814,0.7688098887109192,0.5,0.3,Viable tumour cell
-5.59028,4.88453,0.25485911356272384,0.5,0.3,Necrotic
-4.68029,-0.167427,0.26054078067234526,0.5,0.3,Necrotic
-4.05086,7.94503,0.26361254781013715,0.5,0.3,Viable tumour cell
0.48675,0.115301,0.2577556712536685,0.5,0.3,Necrotic
-4.43765,-6.53315,0.2647620746239108,0.5,0.3,Necrotic
-0.832093,0.78713,0.2580950390275515,0.5,0.3,Necrotic
0.516559,-0.570636,0.2577942427275102,0.5,0.3,Necrotic
-6.23308,9.18258,0.29644791632029943,0.5,0.3,Viable tumour cell
0.0676004,-4.00537,0.2582246560861831,0.5,0.3,Necrotic
-9.84069,2.30244,0.273254529497478,0.5,0.3,Viable tumour cell
2.36149,0.526764,0.2570888634860199,0.5,0.3,Necrotic
-18.1054,-3.13154,0.7645649531217897,0.5,0.3,Viable tumour cell
4.24384,-2.32729,0.2558662468405846,0.5,0.3,Necrotic
1.6917,-1.67444,0.25728899537785793,0.5,0.3,Necrotic
6.82901,-5.01365,0.26102545255550647,0.5,0.3,Viable tumour cell
9.40658,12.5762,0.5659930893825842,0.5,0.3,Viable tumour cell
0.838242,-0.0606475,0.2576283171494486,0.5,0.3,Necrotic
1.83706,4.86977,0.2568512622871135,0.5,0.3,Necrotic
-9.64937,4.49813,0.2788274067985623,0.5,0.3,Viable tumour cell
0.507953,-0.0027828,0.2577576672444798,0.5,0.3,Necrotic
-2.5776,0.190049,0.2590331067046368,0.5,0.3,Necrotic
-10.5128,-8.95071,0.3993835235459588,0.5,0.3,Viable tumour cell
0.250867,-0.127692,0.2578689465806808,0.5,0.3,Necrotic
-8.40069,-11.4832,0.43555060847846705,0.5,0.3,Viable tumour cell
-1.46574,1.47913,0.2580493028875864,0.5,0.3,Necrotic
0.342322,0.0880956,0.25781625501458183,0.5,0.3,Necrotic
-2.20617,1.52257,0.25827648645627016,0.5,0.3,Necrotic
0.606272,0.526722,0.2576705986242782,0.5,0.3,Necrotic
0.650406,-0.262505,0.2577165177479557,0.5,0.3,Necrotic
0.702038,-0.0946158,0.25768526448854345,0.5,0.3,Necrotic
0.305201,-0.737712,0.25792214715835193,0.5,0.3,Necrotic
0.173195,0.166079,0.2578773320571255,0.5,0.3,Necrotic
1.94025,0.20446,0.25719979168497237,0.5,0.3,Necrotic
-2.81557,0.75994,0.2588317583507543,0.5,0.3,Necrotic
1.64852,0.445554,0.25728355644232387,0.5,0.3,Necrotic
-8.39616,0.481266,0.2658301634253045,0.5,0.3,Necrotic
1.19066,-0.764602,0.257535544991312,0.5,0.3,Necrotic
-1.3247,-1.4331,0.2589489426181521,0.5,0.3,Necrotic
1.87697,1.47034,0.2571835538531052,0.5,0.3,Necrotic
-3.48829,1.82347,0.258379133807531,0.5,0.3,Necrotic
1.26594,-6.09661,0.2563649398497937,0.5,0.3,Necrotic
0.570724,-0.2024,0.2577448458796042,0.5,0.3,Necrotic
4.06405,-8.13522,0.26586253858735015,0.5,0.3,Viable tumour cell
0.683477,0.0192392,0.2576851078566625,0.5,0.3,Necrotic
2.22734,-3.03453,0.25699465463612303,0.5,0.3,Necrotic
-0.651714,7.29496,0.25907665405328884,0.5,0.3,Necrotic
-0.00295662,3.09611,0.25744233039875647,0.5,0.3,Necrotic
-2.22009,0.118556,0.25889264322119526,0.5,0.3,Necrotic
-2.82981,0.489033,0.2589918916042221,0.5,0.3,Necrotic
-5.99337,-9.49888,0.30774876761519027,0.5,0.3,Viable tumour cell
2.81486,-2.03161,0.25671976719933065,0.5,0.3,Necrotic
10.671,5.58434,0.337581928577256,0.5,0.3,Viable tumour cell
-1.1504,-17.8912,0.8217823169268775,0.5,0.3,Viable tumour cell
-3.80971,1.67066,0.2585740450974907,0.5,0.3,Necrotic
7.04081,6.86194,0.27469524083604635,0.5,0.3,Viable tumour cell
-2.73607,1.2946,0.25855978751608266,0.5,0.3,Necrotic
-2.72537,2.50888,0.2577665158080573,0.5,0.3,Necrotic
-0.199871,-0.271145,0.25810752762900613,0.5,0.3,Necrotic
-2.0423,1.65863,0.25815810692527896,0.5,0.3,Necrotic
-8.99701,2.93927,0.2632649749314851,0.5,0.3,Viable tumour cell
2.40703,-0.220297,0.257015488392972,0.5,0.3,Necrotic
0.0621407,-0.224562,0.25796486676849584,0.5,0.3,Necrotic
2.17347,2.25674,0.2570498171758084,0.5,0.3,Necrotic
-4.2892,1.12624,0.25926425934903363,0.5,0.3,Necrotic
-5.65966,-2.66744,0.2626228788444366,0.5,0.3,Necrotic
2.09609,0.744024,0.25715297906478474,0.5,0.3,Necrotic
-7.07536,2.14626,0.25921781968395713,0.5,0.3,Necrotic
0.828316,0.897571,0.25754167214945295,0.5,0.3,Necrotic
-1.79514,-2.51272,0.25950581580035326,0.5,0.3,Necrotic
1.03849,1.60215,0.257393090416781,0.5,0.3,Necrotic
0.288397,0.599867,0.2577639787335059,0.5,0.3,Necrotic
6.88097,0.0884055,0.25587537184023346,0.5,0.3,Necrotic
1.17288,3.77591,0.25712759517067474,0.5,0.3,Necrotic
0.397894,2.45234,0.25745205331872784,0.5,0.3,Necrotic
0.377077,-1.54316,0.2579902350848913,0.5,0.3,Necrotic
-2.80809,-1.18225,0.25977059378122563,0.5,0.3,Necrotic
12.5293,6.03205,0.42837695016549154,0.5,0.3,Viable tumour cell
-0.404558,5.94141,0.25787783621304755,0.5,0.3,Necrotic
0.40598,-1.742,0.2579881140040792,0.5,0.3,Necrotic
12.9456,8.51704,0.5461563997553397,0.5,0.3,Viable tumour cell
0.342493,-0.0828006,0.25782926320305677,0.5,0.3,Necrotic
-2.68743,4.14294,0.25671958016705354,0.5,0.3,Necrotic
0.724221,0.0739106,0.25766379513837306,0.5,0.3,Necrotic
4.38766,2.66861,0.2569651274943158,0.5,0.3,Necrotic
3.37605,0.78534,0.2568122457245629,0.5,0.3,Necrotic
-9.2713,0.621845,0.27039563812187406,0.5,0.3,Necrotic
0.221814,-0.137806,0.2578812727412223,0.5,0.3,Necrotic
8.00564,1.31229,0.2596789294368153,0.5,0.3,Necrotic
3.74354,-0.588489,0.25647790423293015,0.5,0.3,Necrotic
-2.7188,7.04358,0.2596127422500977,0.5,0.3,Necrotic
1.10957,-4.76954,0.2572875560950764,0.5,0.3,Necrotic
-1.43433,2.26456,0.25782341036343115,0.5,0.3,Necrotic
-9.30989,-2.62973,0.2735883677910064,0.5,0.3,Necrotic
3.13464,-3.37192,0.2565785020710072,0.5,0.3,Necrotic
-14.3157,-0.273145,0.4111618939748067,0.5,0.3,Viable tumour cell
2.84541,-15.3819,0.578373077239947,0.5,0.3,Viable tumour cell
3.30661,-0.423729,0.25668731317144033,0.5,0.3,Necrotic
-2.27587,-2.19692,0.2597967261730921,0.5,0.3,Necrotic
-1.72639,-8.5928,0.2651562833489747,0.5,0.3,Viable tumour cell
11.4181,4.95013,0.3529708957589821,0.5,0.3,Viable tumour cell
0.176306,1.9941,0.2575586393353526,0.5,0.3,Necrotic
13.0838,-7.91779,0.5485382662437288,0.5,0.3,Viable tumour cell
-0.393818,0.564105,0.2579882949877206,0.5,0.3,Necrotic
-1.96747,2.38469,0.25782338083969897,0.5,0.3,Necrotic
-1.39119,-5.20097,0.2596354290496976,0.5,0.3,Necrotic
5.35932,0.433836,0.25635004381725546,0.5,0.3,Necrotic
-5.97606,-6.86061,0.27037373469395415,0.5,0.3,Viable tumour cell
-0.591476,-6.72469,0.2586523071411515,0.5,0.3,Necrotic
0.535854,-2.68389,0.2579291022612416,0.5,0.3,Necrotic
10.209,6.21586,0.33475071491356456,0.5,0.3,Viable tumour cell
-1.43526,1.92286,0.25791432963779526,0.5,0.3,Necrotic
3.23396,1.37742,0.25691821395403247,0.5,0.3,Necrotic
-13.2874,-12.9916,0.8256290929470647,0.5,0.3,Viable tumour cell
-2.14069,-3.56071,0.26005089352635,0.5,0.3,Necrotic
-3.316,-2.73655,0.2607605890539301,0.5,0.3,Necrotic
-3.0807,-0.550395,0.25966468764898576,0.5,0.3,Necrotic
1.08479,1.80235,0.25735956969587065,0.5,0.3,Necrotic
2.16635,3.43887,0.2568930918334823,0.5,0.3,Necrotic
0.634399,-0.171452,0.257717283577492,0.5,0.3,Necrotic
1.50523,-13.9102,0.4454552416141821,0.5,0.3,Viable tumour cell
0.831372,-4.46288,0.25755055884881556,0.5,0.3,Necrotic
13.8117,1.84269,0.43264357004941184,0.5,0.3,Viable tumour cell
-7.71431,-6.81263,0.28290219312306986,0.5,0.3,Viable tumour cell
-10.0128,-3.23485,0.2839304046360162,0.5,0.3,Viable tumour cell
-8.02868,2.51589,0.25926826121756585,0.5,0.3,Necrotic
2.88453,-9.23969,0.27607684029187185,0.5,0.3,Viable tumour cell
1.86314,15.684,0.5721807973841609,0.5,0.3,Viable tumour cell
-0.354736,-3.21377,0.2585447423010008,0.5,0.3,Necrotic
8.62536,13.6018,0.5953188985269328,0.5,0.3,Viable tumour cell
4.81729,-0.744445,0.25589406500644524,0.5,0.3,Necrotic
-1.64708,-12.8994,0.3822029300539171,0.5,0.3,Viable tumour cell
0.117117,-0.389719,0.2579624690462799,0.5,0.3,Necrotic
-2.79915,1.33123,0.25854749171495944,0.5,0.3,Necrotic
8.53403,-13.1594,0.5854439347806193,0.5,0.3,Viable tumour cell
-3.22002,1.48678,0.25853194770723575,0.5,0.3,Necrotic
-10.9169,-5.72042,0.33305325454807005,0.5,0.3,Viable tumour cell
-0.0802662,2.62046,0.25751532857983955,0.5,0.3,Necrotic
-2.96626,1.57862,0.2584205301996121,0.5,0.3,Necrotic
-0.878712,0.824352,0.25810444772231017,0.5,0.3,Necrotic
0.890916,0.611159,0.2575484295145022,0.5,0.3,Necrotic
0.54618,-0.743852,0.25780541478968966,0.5,0.3,Necrotic
-7.44851,7.62883,0.28404259147375766,0.5,0.3,Viable tumour cell
-3.14929,10.9978,0.3102053583738008,0.5,0.3,Viable tumour cell
-2.76731,1.57123,0.2583914138542753,0.5,0.3,Necrotic
-2.83668,2.20841,0.2579912278788942,0.5,0.3,Necrotic
4.42311,14.0474,0.48494031358473944,0.5,0.3,Viable tumour cell
5.93468,-12.627,0.4511774514567684,0.5,0.3,Viable tumour cell
0.0347169,-5.75681,0.2578615097666375,0.5,0.3,Necrotic
-1.53181,-3.26614,0.25949793292124657,0.5,0.3,Necrotic
6.19597,7.14227,0.27000554292095136,0.5,0.3,Viable tumour cell
1.56255,0.400584,0.2573123147974036,0.5,0.3,Necrotic
-9.25022,9.60137,0.3743051094659079,0.5,0.3,Viable tumour cell
-0.509108,0.708268,0.2579997722064907,0.5,0.3,Necrotic
0.453405,0.106284,0.25776990446111925,0.5,0.3,Necrotic
-0.999211,-0.172651,0.2584328583504813,0.5,0.3,Necrotic
-6.03795,-11.0012,0.35342126763675374,0.5,0.3,Viable tumour cell
7.3775,-1.44773,0.25520463680664407,0.5,0.3,Necrotic
2.6717,3.63834,0.2566874466861222,0.5,0.3,Necrotic
1.13063,-1.24324,0.25756339085679425,0.5,0.3,Necrotic
0.399212,-1.07335,0.25792375797021305,0.5,0.3,Necrotic
-3.76202,3.04683,0.257422037733067,0.5,0.3,Necrotic
-1.26043,-0.277709,0.2585783255680684,0.5,0.3,Necrotic
-2.93911,1.89072,0.258219981022352,0.5,0.3,Necrotic
-16.061,-1.50826,0.5354183415392384,0.5,0.3,Viable tumour cell
0.0889947,-1.30667,0.25810284658566796,0.5,0.3,Necrotic
-2.71225,1.22143,0.258589394315025,0.5,0.3,Necrotic
-0.794115,-2.48601,0.2588038446129441,0.5,0.3,Necrotic
-2.26403,1.73083,0.25820486950361654,0.5,0.3,Necrotic
-5.17248,0.331157,0.2605218565626958,0.5,0.3,Necrotic
-4.42495,-2.15268,0.2614062198154241,0.5,0.3,Necrotic
0.87455,-0.584339,0.2576463564727931,0.5,0.3,Necrotic
10.8472,11.2777,0.56815479653139,0.5,0.3,Viable tumour cell
-6.68401,3.54243,0.25688257389413593,0.5,0.3,Necrotic
1.04215,-5.42273,0.25697791252976226,0.5,0.3,Necrotic
-5.67652,2.63053,0.2581271164454279,0.5,0.3,Necrotic
-4.41309,0.908073,0.25950246564935486,0.5,0.3,Necrotic
-2.75863,-3.79821,0.2606844926021236,0.5,0.3,Necrotic
-5.95956,-1.96816,0.2626529903084546,0.5,0.3,Necrotic
-4.02842,1.49256,0.25881891026171333,0.5,0.3,Necrotic
0.175476,0.62317,0.25779509159418845,0.5,0.3,Necrotic
0.654682,0.534496,0.2576504126561903,0.5,0.3,Necrotic
12.1325,2.40105,0.3532754233066991,0.5,0.3,Viable tumour cell
0.315517,-0.638338,0.25790240558708505,0.5,0.3,Necrotic
0.801746,-0.189028,0.2576510138017251,0.5,0.3,Necrotic
-4.01399,-2.68994,0.26130956392250176,0.5,0.3,Necrotic
7.50614,12.5269,0.47365165518641833,0.5,0.3,Viable tumour cell
-2.11462,0.420087,0.2587151426080725,0.5,0.3,Necrotic
4.63519,0.574271,0.25661811351569325,0.5,0.3,Necrotic
-3.31597,2.28507,0.2580354058122837,0.5,0.3,Necrotic
-8.73119,6.16468,0.282095182920299,0.5,0.3,Viable tumour cell
-1.63735,-2.15023,0.259305771722,0.5,0.3,Necrotic
5.87442,-6.8785,0.26557172009941804,0.5,0.3,Viable tumour cell
9.41487,-3.88855,0.28623716074750183,0.5,0.3,Viable tumour cell
-0.432792,-3.09547,0.2586033179278787,0.5,0.3,Necrotic
-5.90514,3.357,0.2570655038036348,0.5,0.3,Necrotic
7.73563,-3.65002,0.2601804735911154,0.5,0.3,Viable tumour cell
2.10645,-4.08644,0.25699952228647654,0.5,0.3,Necrotic
-2.80382,2.07053,0.2580801030051577,0.5,0.3,Necrotic
-1.2377,3.30773,0.25745613760424146,0.5,0.3,Necrotic
7.98461,6.81633,0.2895554285703011,0.5,0.3,Viable tumour cell
0.677664,-0.118935,0.25769659244924853,0.5,0.3,Necrotic
4.89659,-7.98804,0.2710645235511263,0.5,0.3,Viable tumour cell
-2.46197,9.08373,0.2716970451048255,0.5,0.3,Necrotic
-0.146833,12.3786,0.35296824285673767,0.5,0.3,Viable tumour cell
-4.78162,0.490519,0.260055508588158,0.5,0.3,Necrotic
7.97087,-7.95742,0.31167428334797936,0.5,0.3,Viable tumour cell
-12.4972,-3.67111,0.35905597238864345,0.5,0.3,Viable tumour cell
2.12559,1.37122,0.2571216554152125,0.5,0.3,Necrotic
1.23715,-0.206416,0.25748328951823707,0.5,0.3,Necrotic
-2.3076,-4.27474,0.2604535743858424,0.5,0.3,Necrotic
-2.65284,1.56425,0.2583763731386011,0.5,0.3,Necrotic
-4.12679,9.5216,0.28352649955138753,0.5,0.3,Viable tumour cell
2.63289,-2.58844,0.25680685730568126,0.5,0.3,Necrotic
-0.378123,-9.21297,0.2689030069031286,0.5,0.3,Viable tumour cell
2.16238,-0.131586,0.2571115825369722,0.5,0.3,Necrotic
-0.522351,5.31957,0.257594303845384,0.5,0.3,Necrotic
-0.0252305,-3.33498,0.2583035519549202,0.5,0.3,Necrotic
-0.293092,-0.0791814,0.2581071393501502,0.5,0.3,Necrotic
-3.06946,6.48992,0.2576975830909367,0.5,0.3,Necrotic
-5.48006,1.16656,0.25985550110153877,0.5,0.3,Necrotic
1.13539,8.68629,0.2645827547668593,0.5,0.3,Viable tumour cell
16.8744,-1.70698,0.7140846802142186,0.5,0.3,Viable tumour cell
-14.3821,6.78586,0.5234553905484455,0.5,0.3,Viable tumour cell
1.27179,4.94433,0.2570946335532603,0.5,0.3,Necrotic
13.3325,-1.48939,0.4143314126170662,0.5,0.3,Viable tumour cell
-8.06593,15.3979,0.7024555121650385,0.5,0.3,Viable tumour cell
-3.18786,4.26163,0.2564113832389294,0.5,0.3,Necrotic
3.9334,2.67999,0.2568300239034992,0.5,0.3,Necrotic
2.23965,4.31372,0.25654495060605587,0.5,0.3,Necrotic
0.0400484,-0.131155,0.2579618291258063,0.5,0.3,Necrotic
0.747318,-0.179888,0.2576723539372291,0.5,0.3,Necrotic
0.315282,0.34778,0.25780088951700986,0.5,0.3,Necrotic
2.84895,4.08978,0.25640653178223627,0.5,0.3,Necrotic
-1.77873,1.24038,0.2582555907413019,0.5,0.3,Necrotic
-2.75279,1.06866,0.2586713848082166,0.5,0.3,Necrotic
-3.80398,11.3118,0.32792996838287736,0.5,0.3,Viable tumour cell
-10.3917,1.81993,0.2815325044420872,0.5,0.3,Viable tumour cell
-3.88272,0.7808,0.25932374367506145,0.5,0.3,Necrotic
-0.847165,-1.79051,0.25871214344307425,0.5,0.3,Necrotic
12.4504,9.39742,0.5591523488639301,0.5,0.3,Viable tumour cell
4.13149,0.446692,0.25662376070077336,0.5,0.3,Necrotic
1.93973,2.60999,0.2570601536851672,0.5,0.3,Necrotic
-3.51246,-0.169559,0.25973485901486537,0.5,0.3,Necrotic
-4.55137,-5.70056,0.2637140649502641,0.5,0.3,Necrotic
12.2849,-2.18262,0.3665714036694481,0.5,0.3,Viable tumour cell
-4.34915,2.08139,0.2583884706174045,0.5,0.3,Necrotic
-11.9016,-14.1141,0.8152513147131474,0.5,0.3,Viable tumour cell
0.925375,-0.258228,0.25760556200129303,0.5,0.3,Necrotic
-12.6073,8.86562,0.49134423888437356,0.5,0.3,Viable tumour cell
0.832277,-1.59286,0.2577406593484702,0.5,0.3,Necrotic
4.9844,-1.43603,0.2555164480430367,0.5,0.3,Necrotic
4.97637,-2.05936,0.2552635242146474,0.5,0.3,Necrotic
-5.97,5.70974,0.2548719045329449,0.5,0.3,Necrotic
5.73741,-7.68307,0.2750037445107517,0.5,0.3,Viable tumour cell
-2.87632,-9.64792,0.2832552839998852,0.5,0.3,Viable tumour cell
10.9734,10.587,0.5333986478096859,0.5,0.3,Viable tumour cell
11.337,-13.9922,0.8412439974209153,0.5,0.3,Viable tumour cell
6.70006,2.54398,0.2586584353855267,0.5,0.3,Necrotic
0.262718,-0.667075,0.25793243348445305,0.5,0.3,Necrotic
0.390806,8.81014,0.26477999384874307,0.5,0.3,Viable tumour cell
5.02058,2.75264,0.2571402178181874,0.5,0.3,Necrotic
1.17734,1.13279,0.25740956500580114,0.5,0.3,Necrotic
-0.271357,0.574706,0.25794667102144053,0.5,0.3,Necrotic
8.94704,-8.79463,0.36235643170140575,0.5,0.3,Viable tumour cell
0.835487,2.70491,0.25732021035546815,0.5,0.3,Necrotic
2.76821,11.8087,0.34406704629375306,0.5,0.3,Viable tumour cell
-0.533412,0.782146,0.2579943746538575,0.5,0.3,Necrotic
2.90491,1.10806,0.2569432465695413,0.5,0.3,Necrotic
5.19326,-6.92957,0.2606888544360423,0.5,0.3,Viable tumour cell
-0.36975,4.19448,0.2574029534398778,0.5,0.3,Necrotic
-8.55083,13.0841,0.5278655801174907,0.5,0.3,Viable tumour cell
-13.2001,2.63571,0.369417051855385,0.5,0.3,Viable tumour cell
9.60013,13.6815,0.6634377722519934,0.5,0.3,Viable tumour cell
15.7904,8.40471,0.763891803762482,0.5,0.3,Viable tumour cell
-0.507968,2.83827,0.2575282794199404,0.5,0.3,Necrotic
2.54048,-4.23508,0.25683254057383365,0.5,0.3,Necrotic
1.17253,0.742882,0.2574279346326863,0.5,0.3,Necrotic
-15.6144,2.37165,0.5090140296252146,0.5,0.3,Viable tumour cell
-2.44639,2.33796,0.25783626895104383,0.5,0.3,Necrotic
14.952,5.20453,0.567089372735876,0.5,0.3,Viable tumour cell
-1.87344,1.37457,0.2582272731565066,0.5,0.3,Necrotic
1.41431,-0.036515,0.2574062089446748,0.5,0.3,Necrotic
-0.182871,0.925977,0.2578548271943986,0.5,0.3,Necrotic
-10.8393,-0.782955,0.2919856555605151,0.5,0.3,Viable tumour cell
0.393414,-0.622638,0.2578620544544857,0.5,0.3,Necrotic
-1.3339,-1.331,0.25893287217753064,0.5,0.3,Necrotic
-4.96521,5.52042,0.25457162907169234,0.5,0.3,Necrotic
-1.10998,-3.37865,0.2591587320005275,0.5,0.3,Necrotic
2.25902,1.82414,0.2570671347363461,0.5,0.3,Necrotic
-8.18572,-0.276004,0.2661401966906433,0.5,0.3,Necrotic
-6.90316,-9.3102,0.31577458020291227,0.5,0.3,Viable tumour cell
0.162519,0.510637,0.25781937139996886,0.5,0.3,Necrotic
-6.38728,0.87258,0.26096282326172854,0.5,0.3,Necrotic
-10.7056,12.3796,0.583633461325707,0.5,0.3,Viable tumour cell
-5.15941,-0.108348,0.26088306858444704,0.5,0.3,Necrotic
-10.2843,-2.56825,0.2873798378533856,0.5,0.3,Viable tumour cell
1.98026,-14.5592,0.49825471855985576,0.5,0.3,Viable tumour cell
2.95658,1.77506,0.2569348824990838,0.5,0.3,Necrotic
-2.29014,1.62404,0.2582613920232955,0.5,0.3,Necrotic
0.854992,-3.03647,0.25774456492399145,0.5,0.3,Necrotic
2.58449,2.15355,0.2569844718860166,0.5,0.3,Necrotic
0.829254,5.63923,0.25740652317904744,0.5,0.3,Necrotic
-0.348505,-14.2867,0.45917525890715205,0.5,0.3,Viable tumour cell
9.25066,-0.775627,0.2680162780748776,0.5,0.3,Viable tumour cell
-0.72893,2.10882,0.2577285452273618,0.5,0.3,Necrotic
7.78032,7.67494,0.30283687500205064,0.5,0.3,Viable tumour cell
-0.592349,-4.6891,0.25879411849604606,0.5,0.3,Necrotic
3.03686,0.0795385,0.2568306002859543,0.5,0.3,Necrotic
-17.1789,1.81477,0.6360106029644991,0.5,0.3,Viable tumour cell
-10.4365,8.1808,0.364458619030924,0.5,0.3,Viable tumour cell
9.00117,3.65972,0.27623973438322635,0.5,0.3,Viable tumour cell
-1.21169,-4.03833,0.2593215561645546,0.5,0.3,Necrotic
-3.33356,1.33141,0.2586547250296736,0.5,0.3,Necrotic
-5.01296,-14.8747,0.5616217346334815,0.5,0.3,Viable tumour cell
7.55434,-0.353989,0.25650691353647836,0.5,0.3,Viable tumour cell
10.7774,-1.85435,0.30579998170918554,0.5,0.3,Viable tumour cell
-4.48751,8.77721,0.2738715757844895,0.5,0.3,Viable tumour cell
2.37004,-3.75249,0.25688585858275004,0.5,0.3,Necrotic
10.7406,3.32569,0.3111368709131044,0.5,0.3,Viable tumour cell
-1.1384,-0.759564,0.25864143608243395,0.5,0.3,Necrotic
-0.800589,-0.855081,0.25851081755295846,0.5,0.3,Necrotic
-3.83867,-0.770835,0.26027896357199376,0.5,0.3,Necrotic
-1.82214,-0.115861,0.2587954532833312,0.5,0.3,Necrotic
5.92949,7.8775,0.27720855716879567,0.5,0.3,Viable tumour cell
-0.984108,4.00054,0.25740038711501956,0.5,0.3,Necrotic
0.147367,-7.24071,0.25702952656516975,0.5,0.3,Necrotic
-2.99972,15.3921,0.5470754736564231,0.5,0.3,Viable tumour cell
7.35306,-13.4353,0.5594756811942484,0.5,0.3,Viable tumour cell
-1.49994,-10.3731,0.29194096286594423,0.5,0.3,Viable tumour cell
-7.95438,-13.1604,0.5213323644451112,0.5,0.3,Viable tumour cell
-2.29123,-4.81039,0.2605648945145658,0.5,0.3,Necrotic
-0.139914,1.86141,0.257671165629643,0.5,0.3,Necrotic
-10.3394,-7.42945,0.3503947143143338,0.5,0.3,Viable tumour cell
3.52023,0.40797,0.2567077484519725,0.5,0.3,Necrotic
4.40755,-5.4043,0.25655307362524604,0.5,0.3,Necrotic
3.64348,5.64719,0.25521195226932986,0.5,0.3,Viable tumour cell
2.44279,2.57495,0.2569555777639256,0.5,0.3,Necrotic
0.992924,-1.7549,0.25765620195411815,0.5,0.3,Necrotic
8.30039,1.9965,0.2624818669106639,0.5,0.3,Viable tumour cell
7.31355,8.62938,0.31389369070019035,0.5,0.3,Viable tumour cell
-0.991371,2.8028,0.2576056667703249,0.5,0.3,Necrotic
-0.86922,-0.59855,0.2584822899151945,0.5,0.3,Necrotic
5.20362,-15.5485,0.6712325172200642,0.5,0.3,Viable tumour cell
5.35298,-3.63461,0.2558095360853089,0.5,0.3,Necrotic
10.3443,2.50012,0.29634360938425003,0.5,0.3,Viable tumour cell
-0.53569,-1.45038,0.2584458972211736,0.5,0.3,Necrotic
1.4295,-2.38111,0.25743429166419357,0.5,0.3,Necrotic
3.31879,-4.16031,0.2565391226729332,0.5,0.3,Necrotic
1.46765,-1.07722,0.25740542146051837,0.5,0.3,Necrotic
0.144798,0.0844632,0.2578960950872541,0.5,0.3,Necrotic
1.62215,5.50599,0.25725259249179816,0.5,0.3,Necrotic
5.82699,2.36441,0.2575780798994184,0.5,0.3,Necrotic
6.8799,-5.76682,0.2662740428974955,0.5,0.3,Necrotic
-3.64005,-6.4611,0.2632304415859626,0.5,0.3,Necrotic
-2.5062,2.09042,0.2580159822917078,0.5,0.3,Necrotic
-4.89028,-2.73017,0.2620160296544679,0.5,0.3,Necrotic
-6.30797,-1.23206,0.26284515514754514,0.5,0.3,Necrotic
-9.94456,0.041817,0.27745963539888413,0.5,0.3,Necrotic
14.1041,2.66834,0.4590439931391952,0.5,0.3,Viable tumour cell
11.1756,-0.0866217,0.31269821322758473,0.5,0.3,Viable tumour cell
-7.68758,0.940813,0.26241369210566184,0.5,0.3,Necrotic
-6.29973,6.656,0.2615910977075906,0.5,0.3,Viable tumour cell
-4.71536,7.13482,0.2578879370931689,0.5,0.3,Viable tumour cell
-2.89633,2.77206,0.2576152469028363,0.5,0.3,Necrotic
-11.8947,-12.3807,0.6632709419004714,0.5,0.3,Viable tumour cell
1.78219,-0.862389,0.25726577080400526,0.5,0.3,Necrotic
-0.238131,-5.15077,0.258332268705521,0.5,0.3,Necrotic
1.56003,4.32541,0.256996311324457,0.5,0.3,Necrotic
2.20562,-4.77013,0.2568556758086157,0.5,0.3,Necrotic
-1.7834,-11.1946,0.31525072562526407,0.5,0.3,Viable tumour cell
-6.75724,-4.45957,0.26373060013292426,0.5,0.3,Necrotic
-6.44397,1.9218,0.2593785692785331,0.5,0.3,Necrotic
-0.259737,-0.655495,0.2581959838617299,0.5,0.3,Necrotic
1.64512,12.0132,0.34270581737211137,0.5,0.3,Viable tumour cell
-5.11632,1.3301,0.2594392046794531,0.5,0.3,Necrotic
0.294352,-0.0285231,0.2578452577469177,0.5,0.3,Necrotic
3.44725,-0.0465308,0.2566884542401062,0.5,0.3,Necrotic
4.17254,-13.2875,0.44779213012648633,0.5,0.3,Viable tumour cell
7.43644,4.35204,0.2631180375046354,0.5,0.3,Viable tumour cell
-7.92732,4.55669,0.25913049584051656,0.5,0.3,Viable tumour cell
-6.51285,-2.93192,0.2633493553941356,0.5,0.3,Necrotic
-2.16872,-9.55939,0.27806561434716515,0.5,0.3,Viable tumour cell
5.37037,3.07438,0.25744446400490134,0.5,0.3,Necrotic
3.36753,-1.95155,0.25641488209776625,0.5,0.3,Necrotic
-1.53479,4.49431,0.25732255485262984,0.5,0.3,Necrotic
0.320956,-0.900547,0.2579385524671909,0.5,0.3,Necrotic
4.48458,-0.0239024,0.25636591652712065,0.5,0.3,Necrotic
1.90892,-3.50348,0.257123989999654,0.5,0.3,Necrotic
-2.21531,2.40083,0.2577996877210956,0.5,0.3,Necrotic
2.93734,5.23424,0.2558643342535395,0.5,0.3,Necrotic
-8.13813,9.42573,0.33772931150589214,0.5,0.3,Viable tumour cell
5.04684,-9.63698,0.30401308407312827,0.5,0.3,Viable tumour cell
-2.17312,-3.18615,0.25998708521354497,0.5,0.3,Necrotic
-5.45958,-13.2688,0.45524518339854714,0.5,0.3,Viable tumour cell
-0.826681,-5.39733,0.25894129847573183,0.5,0.3,Necrotic
-3.0381,-1.77591,0.2601808726352013,0.5,0.3,Necrotic
2.54043,-0.940021,0.2569218398690493,0.5,0.3,Necrotic
-0.402948,-5.52818,0.2583841482307275,0.5,0.3,Necrotic
13.6678,-7.36515,0.573854156969116,0.5,0.3,Viable tumour cell
-7.01765,-3.52891,0.2638141862044528,0.5,0.3,Necrotic
-5.17932,1.74651,0.25901535968893247,0.5,0.3,Necrotic
16.5893,-0.0953585,0.664769365721507,0.5,0.3,Viable tumour cell
1.60419,10.3369,0.29373828863006696,0.5,0.3,Viable tumour cell
-5.11552,-0.7558,0.2612767266227923,0.5,0.3,Necrotic
-3.82128,-5.67909,0.2629774136513563,0.5,0.3,Necrotic
-0.344309,-3.95665,0.2585628709906246,0.5,0.3,Necrotic
-12.7803,-7.52673,0.4576929130735405,0.5,0.3,Viable tumour cell
7.0077,-3.24957,0.25432853203480743,0.5,0.3,Viable tumour cell
-2.55394,11.7104,0.33093534477609354,0.5,0.3,Viable tumour cell
-5.48427,8.97081,0.28267241864144665,0.5,0.3,Viable tumour cell
-3.26696,-3.48219,0.2610377868605623,0.5,0.3,Necrotic
-7.55761,-7.64861,0.2933479564892554,0.5,0.3,Viable tumour cell
-17.2945,-4.83923,0.7472351199428103,0.5,0.3,Viable tumour cell
6.97266,15.3048,0.6583449781303486,0.5,0.3,Viable tumour cell
-4.71176,-1.47066,0.26132312017214326,0.5,0.3,Necrotic
-2.29822,-6.91477,0.2609511275188262,0.5,0.3,Necrotic
-0.457511,16.0111,0.5909909762091905,0.5,0.3,Viable tumour cell
4.14758,1.66179,0.25684451981616396,0.5,0.3,Necrotic
-2.92674,-2.33364,0.2603158430104865,0.5,0.3,Necrotic
0.378011,-4.37389,0.25789984373327374,0.5,0.3,Necrotic
0.977016,0.372688,0.2575351922276482,0.5,0.3,Necrotic
4.30707,0.841635,0.2567131027605756,0.5,0.3,Necrotic
-1.63243,3.81763,0.2572893980382737,0.5,0.3,Necrotic
0.33198,0.0676976,0.2578222505399439,0.5,0.3,Necrotic
-14.3952,-3.30246,0.44857201597526863,0.5,0.3,Viable tumour cell
-4.72798,3.13609,0.25736785909736504,0.5,0.3,Necrotic
-6.5174,2.52032,0.2584932288605187,0.5,0.3,Necrotic
0.572995,-4.81408,0.2576704214898729,0.5,0.3,Necrotic
5.19068,-5.23446,0.25663315741952075,0.5,0.3,Necrotic
0.0984628,-13.2805,0.4004800783769281,0.5,0.3,Viable tumour cell
-9.56441,-6.572,0.31131614863097573,0.5,0.3,Viable tumour cell
-3.52726,0.218223,0.25953915834493135,0.5,0.3,Necrotic
1.51746,0.35256,0.2573335499881123,0.5,0.3,Necrotic
4.23467,3.80504,0.2565407610592389,0.5,0.3,Necrotic
-8.40708,5.4686,0.26869347869080884,0.5,0.3,Viable tumour cell
9.08857,-5.75185,0.2987102001004991,0.5,0.3,Viable tumour cell
5.41442,-2.84164,0.2547496597795765,0.5,0.3,Necrotic
4.77727,8.03755,0.2723080294091602,0.5,0.3,Viable tumour cell
2.12344,6.05544,0.257455470206494,0.5,0.3,Necrotic
-7.00971,-6.78272,0.2747971121483225,0.5,0.3,Viable tumour cell
1.81827,9.49073,0.2780452259914937,0.5,0.3,Viable tumour cell
12.4142,-10.5084,0.623065735462912,0.5,0.3,Viable tumour cell
0.488866,6.26516,0.2575621547465783,0.5,0.3,Necrotic
-4.7429,-4.92787,0.263048728532245,0.5,0.3,Necrotic
9.76964,7.04098,0.3377785944158254,0.5,0.3,Viable tumour cell
7.72893,0.341214,0.25761151582862585,0.5,0.3,Viable tumour cell
-11.9217,-2.89613,0.3301316472056366,0.5,0.3,Viable tumour cell
-2.83832,8.33262,0.2669645944513029,0.5,0.3,Necrotic
15.1419,-6.38485,0.6748310979261131,0.5,0.3,Viable tumour cell
3.14667,-8.4411,0.26619320576260913,0.5,0.3,Viable tumour cell
-9.40099,-4.92452,0.284159026622757,0.5,0.3,Viable tumour cell
3.39018,2.88229,0.2568040010576608,0.5,0.3,Necrotic
4.94461,0.975738,0.25671840124543194,0.5,0.3,Necrotic
4.87096,-16.3651,0.7500889888374715,0.5,0.3,Viable tumour cell
-4.80231,-7.70994,0.269258398398543,0.5,0.3,Viable tumour cell
-0.464871,-6.00138,0.258451373243885,0.5,0.3,Necrotic
9.98876,3.94716,0.29561034031952227,0.5,0.3,Viable tumour cell
1.85249,6.90496,0.25862546689288834,0.5,0.3,Necrotic
2.72347,-0.434158,0.2568792421660088,0.5,0.3,Necrotic
3.68114,9.18062,0.2818755486566249,0.5,0.3,Viable tumour cell
-10.5559,-13.1686,0.6424465605127632,0.5,0.3,Viable tumour cell
-13.5684,0.987835,0.3762307254679115,0.5,0.3,Viable tumour cell
4.74669,-11.355,0.35839020689606715,0.5,0.3,Viable tumour cell
5.96577,-5.14203,0.25718471915940283,0.5,0.3,Necrotic
-1.72298,6.02467,0.2578531047376986,0.5,0.3,Necrotic
-15.0591,5.07766,0.5179338166426182,0.5,0.3,Viable tumour cell
10.2367,14.6808,0.7978900351226061,0.5,0.3,Viable tumour cell
3.4228,7.47769,0.2635387934556376,0.5,0.3,Necrotic
-18.6074,-2.18454,0.8028900686675087,0.5,0.3,Viable tumour cell
-1.70333,3.01932,0.25754710318006746,0.5,0.3,Necrotic
-14.7607,8.40195,0.6217139180709157,0.5,0.3,Viable tumour cell
0.888733,-4.06022,0.25762163898470697,0.5,0.3,Necrotic
2.72434,9.25215,0.2782547862897517,0.5,0.3,Viable tumour cell
-3.4054,-3.98569,0.26135017291650164,0.5,0.3,Necrotic
-8.72104,-1.78906,0.26834773534190226,0.5,0.3,Necrotic
0.53682,-3.16435,0.25794549618353035,0.5,0.3,Necrotic
1.91323,-2.5158,0.2571717392439581,0.5,0.3,Necrotic
2.54407,-7.61164,0.2575066674599444,0.5,0.3,Viable tumour cell
5.99574,-5.86832,0.2586072233784922,0.5,0.3,Viable tumour cell
3.63551,3.9731,0.25640098156665525,0.5,0.3,Necrotic
6.66977,-10.0374,0.3450582110319011,0.5,0.3,Viable tumour cell
-5.36253,2.38198,0.2583703410691466,0.5,0.3,Necrotic
-6.26993,16.666,0.748479435484533,0.5,0.3,Viable tumour cell
-7.47479,-0.527764,0.2644884938462582,0.5,0.3,Necrotic
6.29868,3.34753,0.2583434019110344,0.5,0.3,Necrotic
5.89703,4.6569,0.25684306780495786,0.5,0.3,Necrotic
-5.74347,-0.0283059,0.26138626816521615,0.5,0.3,Necrotic
3.20888,-10.9462,0.3209540185090216,0.5,0.3,Viable tumour cell
-3.52619,-2.2748,0.2607443676087606,0.5,0.3,Necrotic
-5.81483,-4.54099,0.26327215492912726,0.5,0.3,Necrotic
12.9819,-3.22075,0.4108613254588446,0.5,0.3,Viable tumour cell
3.71309,-1.54213,0.25626930583014057,0.5,0.3,Necrotic
-16.2578,5.61464,0.6399702491362701,0.5,0.3,Viable tumour cell
7.04648,3.37724,0.2600260677885862,0.5,0.3,Necrotic
-2.24644,7.80525,0.26167097354129465,0.5,0.3,Necrotic
0.650552,-13.9326,0.4386043264860858,0.5,0.3,Viable tumour cell
12.1124,-4.04549,0.37807261661007935,0.5,0.3,Viable tumour cell
2.72412,4.68422,0.25599982237050456,0.5,0.3,Necrotic
2.13129,4.02951,0.2567585061114957,0.5,0.3,Necrotic
-10.6719,6.77038,0.3382434485387825,0.5,0.3,Viable tumour cell
-6.78113,5.90636,0.25841359411149833,0.5,0.3,Viable tumour cell
0.100432,7.12764,0.25828574860424053,0.5,0.3,Necrotic
-11.943,12.8637,0.7033591991392376,0.5,0.3,Viable tumour cell
-6.03539,4.07765,0.2559015909105139,0.5,0.3,Necrotic
-2.22689,-5.50965,0.26061334919171686,0.5,0.3,Necrotic
-5.26613,3.0783,0.25742655971675277,0.5,0.3,Necrotic
11.209,8.14957,0.4287527090302511,0.5,0.3,Viable tumour cell
13.5614,6.5995,0.5058310218460856,0.5,0.3,Viable tumour cell
-6.69154,7.48259,0.27222201406509006,0.5,0.3,Viable tumour cell
-1.12066,6.52378,0.2585957994564699,0.5,0.3,Necrotic
-13.8236,1.78941,0.39106875209287845,0.5,0.3,Viable tumour cell
6.32436,-8.39553,0.29518388670692863,0.5,0.3,Viable tumour cell
-10.1742,0.848687,0.2796992315082052,0.5,0.3,Viable tumour cell
7.07124,1.00241,0.25717486506661347,0.5,0.3,Necrotic
0.526147,4.93188,0.2573300881055748,0.5,0.3,Necrotic
3.6254,6.63523,0.25816869491498823,0.5,0.3,Viable tumour cell
-0.37754,6.66266,0.25846166595068387,0.5,0.3,Necrotic
5.44615,6.24833,0.25783808905323335,0.5,0.3,Viable tumour cell
4.30269,5.36226,0.25530881044244713,0.5,0.3,Necrotic
4.99925,-3.29211,0.25550286618588236,0.5,0.3,Necrotic
-9.80211,15.7364,0.8396193025725549,0.5,0.3,Viable tumour cell
14.2511,7.5028,0.5898090689903126,0.5,0.3,Viable tumour cell
3.85282,-2.1698,0.2561264707949429,0.5,0.3,Necrotic
-4.60582,-3.39329,0.26208766484263624,0.5,0.3,Necrotic
10.7564,1.32715,0.3016129234919867,0.5,0.3,Viable tumour cell
-2.6269,5.30435,0.25642423581282686,0.5,0.3,Necrotic
-3.11273,3.80839,0.2568362096983834,0.5,0.3,Necrotic
-0.0317603,-6.42245,0.2576869837207838,0.5,0.3,Necrotic
-16.501,-7.43271,0.7684722160700831,0.5,0.3,Viable tumour cell
5.28157,-4.40257,0.256060696875217,0.5,0.3,Necrotic
-6.23306,10.7655,0.34353690421478744,0.5,0.3,Viable tumour cell
-3.65965,3.8598,0.2566652284312264,0.5,0.3,Necrotic
3.60146,1.76437,0.2569071108177009,0.5,0.3,Necrotic
-4.82297,4.65027,0.25551900383349485,0.5,0.3,Necrotic
-3.73849,6.87586,0.25758948110280555,0.5,0.3,Necrotic
-4.42754,6.24338,0.2550057596480884,0.5,0.3,Viable tumour cell
-10.9599,3.50635,0.2977352146214509,0.5,0.3,Viable tumour cell
-5.40954,3.84684,0.25637071197018513,0.5,0.3,Necrotic
-13.0337,5.91198,0.4142929693805439,0.5,0.3,Viable tumour cell
-8.86483,8.59092,0.3304083631221818,0.5,0.3,Viable tumour cell
2.32925,10.2133,0.29412178684716217,0.5,0.3,Viable tumour cell
-12.1605,-9.29093,0.4921907405830381,0.5,0.3,Viable tumour cell
-9.85705,-0.92512,0.278353221825955,0.5,0.3,Viable tumour cell
-14.3501,12.2609,0.8302103550750881,0.5,0.3,Viable tumour cell
-10.1282,-9.77078,0.4166629639422788,0.5,0.3,Viable tumour cell
-2.10308,-15.7982,0.5871705214708097,0.5,0.3,Viable tumour cell
-1.02345,5.70935,0.2578843806407203,0.5,0.3,Necrotic
-13.2601,9.66272,0.5723118473428537,0.5,0.3,Viable tumour cell
8.14216,-11.0664,0.42949209012064404,0.5,0.3,Viable tumour cell
10.6156,-5.82562,0.3463970984082537,0.5,0.3,Viable tumour cell
-3.17506,-7.16806,0.26326119978898627,0.5,0.3,Necrotic
-8.97595,-1.1308,0.26933325666792995,0.5,0.3,Viable tumour cell
3.28772,-2.66579,0.25644904999758095,0.5,0.3,Necrotic
-6.06677,-15.0009,0.6092955641383825,0.5,0.3,Viable tumour cell
-3.33913,7.60597,0.2623791650942343,0.5,0.3,Necrotic
-5.70266,-7.73397,0.2757974329693531,0.5,0.3,Viable tumour cell
3.63732,2.45749,0.2568470567900237,0.5,0.3,Necrotic
-2.37469,6.00325,0.25718348071051206,0.5,0.3,Necrotic
4.54167,3.19182,0.2569060065477576,0.5,0.3,Necrotic
-5.12634,12.3874,0.38866983569147695,0.5,0.3,Viable tumour cell
-7.36263,-11.5698,0.4084673918488815,0.5,0.3,Viable tumour cell
3.59201,-15.0529,0.5675270620767241,0.5,0.3,Viable tumour cell
4.43237,-6.33088,0.2580018178221154,0.5,0.3,Necrotic
7.62402,10.231,0.36946344155434757,0.5,0.3,Viable tumour cell
-2.16229,12.5727,0.3641165690343633,0.5,0.3,Viable tumour cell
14.3479,-6.16774,0.5885769821850808,0.5,0.3,Viable tumour cell
15.6182,4.74659,0.6156487258519098,0.5,0.3,Viable tumour cell
4.94852,1.71,0.2569710321001061,0.5,0.3,Necrotic
-3.04443,-12.2746,0.3638945827447865,0.5,0.3,Viable tumour cell
10.7764,-0.927491,0.3004305834572001,0.5,0.3,Viable tumour cell
14.0163,-1.74864,0.4568550978226155,0.5,0.3,Viable tumour cell
-14.0539,8.21478,0.5545852018804536,0.5,0.3,Viable tumour cell
-7.45114,-9.96706,0.3451035771108101,0.5,0.3,Viable tumour cell
10.0649,-5.26446,0.31767384409673743,0.5,0.3,Viable tumour cell
11.1286,13.2755,0.7488899116894455,0.5,0.3,Viable tumour cell
-2.97856,5.62127,0.2560685423297302,0.5,0.3,Necrotic
11.1374,-4.00878,0.3372623359487607,0.5,0.3,Viable tumour cell
13.4945,1.1309,0.4118151161669058,0.5,0.3,Viable tumour cell
5.62336,-13.5344,0.5026303377998207,0.5,0.3,Viable tumour cell
-7.00024,-11.041,0.3727226096712542,0.5,0.3,Viable tumour cell
9.43553,4.56247,0.2900395099365596,0.5,0.3,Viable tumour cell
2.39571,12.7955,0.38355524571983035,0.5,0.3,Viable tumour cell
-15.2775,0.658803,0.47058105631279334,0.5,0.3,Viable tumour cell
12.0725,0.0443028,0.3425274002223137,0.5,0.3,Viable tumour cell
-5.01734,-4.06521,0.26270213729225744,0.5,0.3,Necrotic
-3.88646,-9.9195,0.29417079301989046,0.5,0.3,Viable tumour cell
-2.82947,-11.4128,0.3289834445292723,0.5,0.3,Viable tumour cell
8.50577,-0.118381,0.26149666537605404,0.5,0.3,Viable tumour cell
9.05088,8.58225,0.35679810558619407,0.5,0.3,Viable tumour cell
2.63525,17.3616,0.7626742346223208,0.5,0.3,Viable tumour cell
-6.18754,-6.13222,0.26724509378476075,0.5,0.3,Necrotic
3.65507,-9.09778,0.2781666894340713,0.5,0.3,Viable tumour cell
12.32,7.59104,0.46550265059699525,0.5,0.3,Viable tumour cell
3.74318,-4.81843,0.2565192475439017,0.5,0.3,Necrotic
-6.64999,11.6519,0.3867619701080285,0.5,0.3,Viable tumour cell
7.33216,1.82647,0.2586410196252018,0.5,0.3,Necrotic
5.1912,7.18103,0.26443138332758503,0.5,0.3,Viable tumour cell
4.21585,-7.17756,0.2592459628703223,0.5,0.3,Viable tumour cell
9.9356,-9.80977,0.440088992931132,0.5,0.3,Viable tumour cell
2.95908,-5.08115,0.256657164513923,0.5,0.3,Necrotic
8.07788,3.54612,0.2658472743744971,0.5,0.3,Necrotic
-15.581,-2.7858,0.5195016169236517,0.5,0.3,Viable tumour cell
4.63527,11.494,0.35570590883417075,0.5,0.3,Viable tumour cell
-3.15052,-7.99276,0.265471991050939,0.5,0.3,Necrotic
15.4822,-8.45018,0.8053094058279444,0.5,0.3,Viable tumour cell
-0.224469,7.97794,0.25936535877281003,0.5,0.3,Necrotic
-1.01789,12.4649,0.35634488845166457,0.5,0.3,Viable tumour cell
-9.56276,1.63609,0.2712547666374053,0.5,0.3,Viable tumour cell
-5.2462,6.57574,0.25590478381025905,0.5,0.3,Viable tumour cell
3.5893,-1.09191,0.2564182792362619,0.5,0.3,Necrotic
-3.90742,-7.33528,0.2654776101328494,0.5,0.3,Necrotic
-4.15869,-10.8559,0.32216843499214665,0.5,0.3,Viable tumour cell
6.03871,-4.21923,0.2565538687205483,0.5,0.3,Necrotic
11.4511,9.07028,0.4800162323985736,0.5,0.3,Viable tumour cell
-11.7849,2.73556,0.3171109507956711,0.5,0.3,Viable tumour cell
-11.0144,0.263649,0.29318981607540057,0.5,0.3,Viable tumour cell
2.8231,5.99213,0.25650050452667333,0.5,0.3,Necrotic
-7.27593,2.9205,0.2582789100537553,0.5,0.3,Necrotic
1.44467,-11.3532,0.32310514903304455,0.5,0.3,Viable tumour cell
-6.59673,-0.504138,0.26279664191248064,0.5,0.3,Necrotic
0.207285,11.3119,0.3151909688270483,0.5,0.3,Viable tumour cell
3.24994,-0.877091,0.2566306962700294,0.5,0.3,Necrotic
-7.70714,-4.45952,0.2648970876036072,0.5,0.3,Viable tumour cell
-1.89938,-6.10456,0.26031683595254795,0.5,0.3,Necrotic
6.48944,11.1113,0.3741553354153967,0.5,0.3,Viable tumour cell
12.2287,-9.60121,0.5584500497015653,0.5,0.3,Viable tumour cell
-8.72887,2.12813,0.26273021143388486,0.5,0.3,Viable tumour cell
-9.26012,-12.4656,0.5268475744252323,0.5,0.3,Viable tumour cell
-1.06225,-11.1011,0.3089708057737209,0.5,0.3,Viable tumour cell
1.72187,-7.74823,0.25660829866978463,0.5,0.3,Viable tumour cell
-10.3601,5.10755,0.3012316321235776,0.5,0.3,Viable tumour cell
-14.4482,-5.79963,0.5088967873258876,0.5,0.3,Viable tumour cell
14.0363,-8.12785,0.6336741221309928,0.5,0.3,Viable tumour cell
-4.69352,-11.6505,0.357007222466079,0.5,0.3,Viable tumour cell
9.80432,-14.6277,0.8131459787856307,0.5,0.3,Viable tumour cell
3.90784,-2.64251,0.25610764773513484,0.5,0.3,Necrotic
1.80064,-5.25449,0.25682464361200263,0.5,0.3,Necrotic
-2.61345,-8.80667,0.2692656657844799,0.5,0.3,Viable tumour cell
13.0854,2.60987,0.3993881653232462,0.5,0.3,Viable tumour cell
-6.4173,-5.22805,0.2641192702585291,0.5,0.3,Viable tumour cell
8.12982,-1.90645,0.25703470954757046,0.5,0.3,Viable tumour cell
-4.81706,9.86766,0.2951407162573599,0.5,0.3,Viable tumour cell
5.924,-10.2435,0.33565829487948623,0.5,0.3,Viable tumour cell
9.38371,2.28582,0.2758368442987724,0.5,0.3,Viable tumour cell
8.33333,5.98733,0.2835469481471248,0.5,0.3,Viable tumour cell
17.6154,-0.043919,0.7892555458199162,0.5,0.3,Viable tumour cell
-8.37013,-2.79172,0.26672725786718476,0.5,0.3,Viable tumour cell
-5.62288,-10.1421,0.31836604949608155,0.5,0.3,Viable tumour cell
-1.02323,-9.3543,0.2716518947109962,0.5,0.3,Viable tumour cell
6.68578,10.3936,0.3532522957198853,0.5,0.3,Viable tumour cell
-3.67593,-15.5578,0.591760767174373,0.5,0.3,Viable tumour cell
5.90071,-0.239082,0.25582627259017215,0.5,0.3,Necrotic
11.4076,2.91052,0.3296840409938141,0.5,0.3,Viable tumour cell
-1.97683,6.65753,0.2589551460863278,0.5,0.3,Necrotic
-12.397,12.0352,0.6598690556801688,0.5,0.3,Viable tumour cell
-13.3784,-5.93532,0.4435439637557086,0.5,0.3,Viable tumour cell
-10.8548,-3.08948,0.2996380308515977,0.5,0.3,Viable tumour cell
2.06134,11.0677,0.3151125538565447,0.5,0.3,Viable tumour cell
4.29456,-1.70983,0.2559414562120041,0.5,0.3,Necrotic
7.49501,-6.574,0.28041654402382615,0.5,0.3,Viable tumour cell
-7.14718,-6.10398,0.2702762519008369,0.5,0.3,Viable tumour cell
-3.78137,-8.1167,0.2676826343333903,0.5,0.3,Viable tumour cell
-8.04951,-5.98401,0.27466828727614806,0.5,0.3,Viable tumour cell
5.80839,-1.11405,0.25509460921409083,0.5,0.3,Necrotic
1.75403,-10.3669,0.29444232467512255,0.5,0.3,Viable tumour cell
-1.51961,16.0219,0.5927400150440589,0.5,0.3,Viable tumour cell
-7.02891,8.39705,0.2913677213238375,0.5,0.3,Viable tumour cell
-3.65646,17.1116,0.724074688163961,0.5,0.3,Viable tumour cell
-15.7314,-7.30684,0.6772849196888525,0.5,0.3,Viable tumour cell
-7.81928,8.60284,0.3085045844142345,0.5,0.3,Viable tumour cell
-8.10115,-3.47127,0.265107087749602,0.5,0.3,Viable tumour cell
7.78698,5.12795,0.26935631971047297,0.5,0.3,Viable tumour cell
8.74125,0.687401,0.2640553413211427,0.5,0.3,Necrotic
8.69319,2.93037,0.26877609479930875,0.5,0.3,Viable tumour cell
-9.35339,-9.80158,0.3922918940688409,0.5,0.3,Viable tumour cell
-0.833575,-8.55508,0.2629739558841398,0.5,0.3,Viable tumour cell
-1.85279,14.1199,0.4445576251480504,0.5,0.3,Viable tumour cell
4.43205,-15.6361,0.6465490500555737,0.5,0.3,Viable tumour cell
9.1884,-10.4528,0.4388658660888318,0.5,0.3,Viable tumour cell
-14.504,5.86706,0.5007808189401876,0.5,0.3,Viable tumour cell
0.960458,-16.5898,0.6715538120104436,0.5,0.3,Viable tumour cell
7.25449,11.0059,0.38988289449653984,0.5,0.3,Viable tumour cell
-7.08881,-1.31321,0.26378732869396837,0.5,0.3,Necrotic
-7.12244,4.2203,0.25568971281508407,0.5,0.3,Viable tumour cell
-0.442816,-7.46743,0.2583185282061823,0.5,0.3,Necrotic
-7.50139,-5.1309,0.2667108102362854,0.5,0.3,Viable tumour cell
2.96887,8.40238,0.269757473157164,0.5,0.3,Necrotic
16.0175,-4.19492,0.6817691889911789,0.5,0.3,Viable tumour cell
-13.4329,-0.0317853,0.3687166250081286,0.5,0.3,Viable tumour cell
13.6733,4.18506,0.45380922543838464,0.5,0.3,Viable tumour cell
-13.5353,4.42444,0.4085119576553712,0.5,0.3,Viable tumour cell
2.61485,14.186,0.46567853066344633,0.5,0.3,Viable tumour cell
8.58126,-4.24728,0.2738857703734705,0.5,0.3,Viable tumour cell
-2.60087,13.3673,0.40582762277045303,0.5,0.3,Viable tumour cell
-8.75079,-9.1757,0.3501803347142064,0.5,0.3,Viable tumour cell
-12.5661,7.47029,0.4332998257716646,0.5,0.3,Viable tumour cell
14.513,3.44471,0.49740644131215506,0.5,0.3,Viable tumour cell
13.0213,-9.81129,0.6303502804631703,0.5,0.3,Viable tumour cell
8.49055,14.1612,0.6309039496734118,0.5,0.3,Viable tumour cell
-7.7118,10.107,0.3495967703499825,0.5,0.3,Viable tumour cell
8.81378,5.29753,0.2851128538589461,0.5,0.3,Viable tumour cell
-15.5145,10.662,0.8358934085872216,0.5,0.3,Viable tumour cell
-5.37776,-6.20177,0.2653175805418828,0.5,0.3,Necrotic
11.8988,1.50398,0.3387222309506754,0.5,0.3,Viable tumour cell
-9.01439,-5.94231,0.28925884871021157,0.5,0.3,Viable tumour cell
-2.17281,17.8265,0.8145039356984609,0.5,0.3,Viable tumour cell
9.72582,0.937009,0.277724532885538,0.5,0.3,Viable tumour cell
-9.77383,6.47948,0.30669880252252385,0.5,0.3,Viable tumour cell
-4.79981,11.5368,0.3476758350767406,0.5,0.3,Viable tumour cell
2.31866,15.0071,0.51970538369557,0.5,0.3,Viable tumour cell
-1.57811,7.37283,0.2603248849273523,0.5,0.3,Necrotic
-8.66445,-4.30206,0.2711562157542548,0.5,0.3,Viable tumour cell
-3.77869,12.9552,0.3959249085026595,0.5,0.3,Viable tumour cell
-12.8469,-9.73417,0.5597836508868979,0.5,0.3,Viable tumour cell
6.92853,5.06873,0.25988144399481145,0.5,0.3,Viable tumour cell
-4.4691,-15.6264,0.6158904826672732,0.5,0.3,Viable tumour cell
-14.1317,-6.6816,0.5144512827375355,0.5,0.3,Viable tumour cell
1.1656,-7.02248,0.25496281284569455,0.5,0.3,Viable tumour cell
5.52293,8.91813,0.29162598989317423,0.5,0.3,Viable tumour cell
-5.16176,10.745,0.32453584845691374,0.5,0.3,Viable tumour cell
-14.8441,-1.09949,0.44302742801842077,0.5,0.3,Viable tumour cell
6.59127,16.0818,0.7241406633334593,0.5,0.3,Viable tumour cell
5.29022,15.4962,0.6222695619841111,0.5,0.3,Viable tumour cell
9.75448,5.33243,0.3076658486901708,0.5,0.3,Viable tumour cell
5.31972,9.67998,0.30767954758840366,0.5,0.3,Viable tumour cell
16.0286,7.44885,0.7453827481047799,0.5,0.3,Viable tumour cell
12.2264,-3.21048,0.3743270970313023,0.5,0.3,Viable tumour cell
5.34639,-8.68503,0.2854455884745492,0.5,0.3,Viable tumour cell
12.4894,0.987644,0.360868857437514,0.5,0.3,Viable tumour cell
-11.6355,-0.51931,0.30858193031276493,0.5,0.3,Viable tumour cell
4.6826,13.092,0.4300543395922114,0.5,0.3,Viable tumour cell
-1.05989,8.16177,0.2614637695204115,0.5,0.3,Viable tumour cell
-9.37315,-7.43152,0.32446591731506624,0.5,0.3,Viable tumour cell
-3.69402,8.61118,0.27008369084707345,0.5,0.3,Necrotic
-5.30627,-8.49617,0.2806285840938034,0.5,0.3,Viable tumour cell
4.14221,-9.9105,0.2988961514287495,0.5,0.3,Viable tumour cell
-0.340416,-11.8467,0.3353599748902333,0.5,0.3,Viable tumour cell
16.1022,-7.84072,0.8565724596906161,0.5,0.3,Viable tumour cell
9.81122,-2.16067,0.2812031921440537,0.5,0.3,Viable tumour cell
4.27496,7.31469,0.26287156488958385,0.5,0.3,Necrotic
5.7674,12.8827,0.44046091330471476,0.5,0.3,Viable tumour cell
1.93483,-9.51816,0.27681172821421274,0.5,0.3,Viable tumour cell
-1.03777,13.967,0.4345024296375471,0.5,0.3,Viable tumour cell
4.07806,-16.6576,0.7485824592429273,0.5,0.3,Viable tumour cell
0.677937,7.91671,0.2589792579743941,0.5,0.3,Viable tumour cell
7.1945,-2.21237,0.2540613796412148,0.5,0.3,Viable tumour cell
11.7575,5.67354,0.3817831675499086,0.5,0.3,Viable tumour cell
16.4288,1.56504,0.6480750108973586,0.5,0.3,Viable tumour cell
-17.6268,3.3644,0.7172062520082909,0.5,0.3,Viable tumour cell
-11.5428,12.1138,0.6091018662457188,0.5,0.3,Viable tumour cell
-13.0992,1.48423,0.35703365709881274,0.5,0.3,Viable tumour cell
7.64843,14.1797,0.5906428041723201,0.5,0.3,Viable tumour cell
8.06541,-14.9233,0.7370981950193117,0.5,0.3,Viable tumour cell
-15.8833,-4.13609,0.5717512928275793,0.5,0.3,Viable tumour cell
-11.1627,4.45769,0.31389537493917835,0.5,0.3,Viable tumour cell
8.32249,-7.12028,0.30352415313370473,0.5,0.3,Viable tumour cell
15.109,8.92097,0.7291990397512738,0.5,0.3,Viable tumour cell
9.07184,6.06384,0.3003808246765225,0.5,0.3,Viable tumour cell
-6.59437,15.818,0.6716415827148479,0.5,0.3,Viable tumour cell
0.197162,16.7125,0.6675638333400953,0.5,0.3,Viable tumour cell
-15.8577,-6.4004,0.6544158915886591,0.5,0.3,Viable tumour cell
-9.47925,10.3453,0.41083588670292925,0.5,0.3,Viable tumour cell
-0.379248,14.6465,0.4803308856235957,0.5,0.3,Viable tumour cell
-6.58119,17.5189,0.8561799767076193,0.5,0.3,Viable tumour cell
-16.8831,4.75808,0.6760869455213826,0.5,0.3,Viable tumour cell
-9.58071,-1.69066,0.27602052201489363,0.5,0.3,Viable tumour cell
11.3954,9.76381,0.5134435112848197,0.5,0.3,Viable tumour cell
-11.4577,6.22942,0.3540396661136402,0.5,0.3,Viable tumour cell
13.7075,-4.68903,0.4887782574545499,0.5,0.3,Viable tumour cell
2.58462,-12.729,0.39093358289547064,0.5,0.3,Viable tumour cell
-9.65292,-4.24617,0.2827753598044043,0.5,0.3,Viable tumour cell
-11.0711,12.857,0.6397703900933353,0.5,0.3,Viable tumour cell
-4.47442,10.4485,0.30872720217930394,0.5,0.3,Viable tumour cell
8.40685,-5.12216,0.27881788742969077,0.5,0.3,Viable tumour cell
8.7509,11.8485,0.48804224275509,0.5,0.3,Viable tumour cell
-5.66588,15.806,0.6370796710296053,0.5,0.3,Viable tumour cell
12.2945,11.9208,0.7413088851969771,0.5,0.3,Viable tumour cell
4.18985,9.86151,0.2975641940177453,0.5,0.3,Viable tumour cell
-8.5816,7.78988,0.3045292994196436,0.5,0.3,Viable tumour cell
-7.18025,6.83053,0.2687874064708702,0.5,0.3,Viable tumour cell
9.8776,-11.0048,0.4976919021692964,0.5,0.3,Viable tumour cell
-11.2052,9.76134,0.45670482978487337,0.5,0.3,Viable tumour cell
1.204,11.2831,0.31714404001711516,0.5,0.3,Viable tumour cell
1.56769,7.68333,0.2600516618691491,0.5,0.3,Viable tumour cell
-5.90364,-12.6536,0.4279618850601487,0.5,0.3,Viable tumour cell
-5.12439,8.0602,0.26817100680874123,0.5,0.3,Viable tumour cell
7.24044,5.98857,0.26817743644502867,0.5,0.3,Viable tumour cell
2.00496,-17.9675,0.8517131161230118,0.5,0.3,Viable tumour cell
8.48431,7.58192,0.3152375606729318,0.5,0.3,Viable tumour cell
9.43446,0.159648,0.27183669329312443,0.5,0.3,Viable tumour cell
3.4714,10.0251,0.2962023722555209,0.5,0.3,Viable tumour cell
-15.8209,3.45102,0.5421098304452139,0.5,0.3,Viable tumour cell
-6.42312,-10.0393,0.32783638007841376,0.5,0.3,Viable tumour cell
0.680088,-8.90692,0.2643983394817846,0.5,0.3,Viable tumour cell
4.61524,-2.9547,0.25560175571230676,0.5,0.3,Necrotic
-6.70422,10.1091,0.32887248199385594,0.5,0.3,Viable tumour cell
-3.52868,11.8728,0.34479425673878433,0.5,0.3,Viable tumour cell
-10.5048,3.93718,0.2909957072914712,0.5,0.3,Viable tumour cell
-12.6348,-10.7965,0.606882972813078,0.5,0.3,Viable tumour cell
14.522,10.751,0.8266273962292592,0.5,0.3,Viable tumour cell
-12.2442,-2.14684,0.3332104733363715,0.5,0.3,Viable tumour cell
5.24455,-6.0881,0.25789725715249673,0.5,0.3,Viable tumour cell
-8.23988,6.89511,0.2837506104273372,0.5,0.3,Viable tumour cell
7.22176,-11.6935,0.43544370941596894,0.5,0.3,Viable tumour cell
10.8355,-5.11708,0.34027363772772073,0.5,0.3,Viable tumour cell
-1.29272,9.1823,0.2685488687998066,0.5,0.3,Viable tumour cell
-1.6816,11.6196,0.32461287425712004,0.5,0.3,Viable tumour cell
-11.4137,-1.31662,0.3059538267709977,0.5,0.3,Viable tumour cell
-15.4269,1.71078,0.48960137848365914,0.5,0.3,Viable tumour cell
13.1973,4.83411,0.43609806378175686,0.5,0.3,Viable tumour cell
7.04439,-8.37498,0.30592667840152343,0.5,0.3,Viable tumour cell
-7.87162,5.95237,0.26641321147080643,0.5,0.3,Viable tumour cell
-4.89213,15.788,0.6127958340996545,0.5,0.3,Viable tumour cell
-12.4511,-1.06089,0.3339930809212265,0.5,0.3,Viable tumour cell
11.4196,0.775751,0.32042997127186723,0.5,0.3,Viable tumour cell
8.91103,-2.54141,0.26746847332443113,0.5,0.3,Viable tumour cell
8.34565,-1.11095,0.25959428474028035,0.5,0.3,Viable tumour cell
-0.675616,8.94669,0.2649256410168814,0.5,0.3,Viable tumour cell
11.81,-6.68391,0.4229510891761512,0.5,0.3,Viable tumour cell
-11.7228,9.20934,0.4577536440719486,0.5,0.3,Viable tumour cell
10.3372,-7.78362,0.3834831400729096,0.5,0.3,Viable tumour cell
12.6661,11.0085,0.6883673763457254,0.5,0.3,Viable tumour cell
-11.1711,1.02381,0.29559174301697033,0.5,0.3,Viable tumour cell
-4.23569,12.2267,0.36775502324463943,0.5,0.3,Viable tumour cell
-12.8579,12.9268,0.7745428595404709,0.5,0.3,Viable tumour cell
10.5187,-3.54218,0.31211319965448514,0.5,0.3,Viable tumour cell
11.0881,2.18399,0.31485964674829003,0.5,0.3,Viable tumour cell
-13.3983,-3.5307,0.3977526682020878,0.5,0.3,Viable tumour cell
-2.3868,-10.4239,0.2976213033391474,0.5,0.3,Viable tumour cell
10.1506,10.5575,0.4859164493560863,0.5,0.3,Viable tumour cell
-15.2261,4.1668,0.5111277706156634,0.5,0.3,Viable tumour cell
13.8907,5.01948,0.4850096684412682,0.5,0.3,Viable tumour cell
-4.26457,-9.30784,0.2857232828837388,0.5,0.3,Viable tumour cell
-4.4926,13.2424,0.4207146894276921,0.5,0.3,Viable tumour cell
15.1417,7.88552,0.6791831641625349,0.5,0.3,Viable tumour cell
-2.28096,-16.9162,0.7042621261495415,0.5,0.3,Viable tumour cell
3.03699,-14.4171,0.5029791201107695,0.5,0.3,Viable tumour cell
9.75983,-8.13339,0.37104366495180974,0.5,0.3,Viable tumour cell
-2.42853,-12.8651,0.38469540650349787,0.5,0.3,Viable tumour cell
10.01,-1.09104,0.2811664734836036,0.5,0.3,Viable tumour cell
13.5049,-8.50326,0.6041340466759811,0.5,0.3,Viable tumour cell
11.2906,-3.44086,0.33757620282957623,0.5,0.3,Viable tumour cell
-10.0455,10.9857,0.4656106230063317,0.5,0.3,Viable tumour cell
0.95317,13.7805,0.42598518897216575,0.5,0.3,Viable tumour cell
14.4128,-0.902792,0.47661147968364204,0.5,0.3,Viable tumour cell
-4.81132,-14.1723,0.501025317474431,0.5,0.3,Viable tumour cell
6.93924,-14.9724,0.6844297476876872,0.5,0.3,Viable tumour cell
-0.0487504,-8.17761,0.2589569369070719,0.5,0.3,Viable tumour cell
3.03406,-11.8696,0.35698930115380695,0.5,0.3,Viable tumour cell
-1.92675,-13.5931,0.4222409944877147,0.5,0.3,Viable tumour cell
2.09423,13.6091,0.42461871284256997,0.5,0.3,Viable tumour cell
-11.1039,-9.95652,0.4672726987531462,0.5,0.3,Viable tumour cell
4.24315,-10.6183,0.3233366371763837,0.5,0.3,Viable tumour cell
0.790754,-7.9907,0.2573738559880265,0.5,0.3,Viable tumour cell
-11.0909,-7.07318,0.366767541796787,0.5,0.3,Viable tumour cell
6.04619,9.56365,0.31487932989151823,0.5,0.3,Viable tumour cell
9.52789,7.67497,0.3463458137337106,0.5,0.3,Viable tumour cell
-3.57342,-11.4468,0.33715920614232714,0.5,0.3,Viable tumour cell
-7.00579,12.4704,0.4361329487279559,0.5,0.3,Viable tumour cell
15.8463,-1.70299,0.6052183522817666,0.5,0.3,Viable tumour cell
-18.8703,-1.20905,0.8306920774032982,0.5,0.3,Viable tumour cell
5.36621,11.3269,0.3608760729619035,0.5,0.3,Viable tumour cell
8.28381,10.8656,0.41919266941114053,0.5,0.3,Viable tumour cell
-5.96695,8.33023,0.27708033599117576,0.5,0.3,Viable tumour cell
-9.61441,14.0069,0.655888756678878,0.5,0.3,Viable tumour cell
10.2471,4.67505,0.3116330902194724,0.5,0.3,Viable tumour cell
-13.5084,10.6037,0.6439123602023726,0.5,0.3,Viable tumour cell
8.98348,1.5264,0.26744004370749735,0.5,0.3,Viable tumour cell
-13.7561,7.35702,0.5003813230102542,0.5,0.3,Viable tumour cell
-13.7207,-5.01127,0.44100861517488754,0.5,0.3,Viable tumour cell
5.5892,-2.00548,0.2544536109519311,0.5,0.3,Necrotic
-4.54125,-10.0089,0.3020537095387098,0.5,0.3,Viable tumour cell
-12.8132,0.753887,0.34364736422676323,0.5,0.3,Viable tumour cell
6.03498,12.2233,0.4112532066635261,0.5,0.3,Viable tumour cell
-6.22326,-13.2992,0.4757640700751362,0.5,0.3,Viable tumour cell
-17.1718,-3.22899,0.6682957205002095,0.5,0.3,Viable tumour cell
-3.14161,9.45898,0.2797379163836466,0.5,0.3,Viable tumour cell
12.5123,-1.41705,0.37100073297614944,0.5,0.3,Viable tumour cell
-8.56776,10.377,0.383823589128795,0.5,0.3,Viable tumour cell
2.42877,-10.3683,0.2986231044547785,0.5,0.3,Viable tumour cell
11.0566,12.494,0.6758075731119079,0.5,0.3,Viable tumour cell
-5.84579,-16.6124,0.7834716065394955,0.5,0.3,Viable tumour cell
-6.60169,-11.6597,0.39203458080768716,0.5,0.3,Viable tumour cell
-6.81507,-14.9502,0.6297092847108705,0.5,0.3,Viable tumour cell
-10.0677,7.17903,0.3273197777348319,0.5,0.3,Viable tumour cell
-2.68849,17.0707,0.7142651418959807,0.5,0.3,Viable tumour cell
9.26009,-4.54957,0.2887615300179928,0.5,0.3,Viable tumour cell
13.1149,0.193366,0.39103625556739285,0.5,0.3,Viable tumour cell
-8.78151,-6.62372,0.2964041295227431,0.5,0.3,Viable tumour cell
2.83486,15.8907,0.6035325977648914,0.5,0.3,Viable tumour cell
-8.29578,-9.93865,0.3642853593437537,0.5,0.3,Viable tumour cell
12.2927,-5.51404,0.4188794948095621,0.5,0.3,Viable tumour cell
3.92664,-11.7015,0.3606064342710858,0.5,0.3,Viable tumour cell
6.13363,16.9762,0.8278595763115887,0.5,0.3,Viable tumour cell
14.3401,0.909491,0.4652092207620615,0.5,0.3,Viable tumour cell
10.889,-11.216,0.5624057612264854,0.5,0.3,Viable tumour cell
6.51317,6.15249,0.263260418033631,0.5,0.3,Viable tumour cell
15.1358,-4.1853,0.5944986318075037,0.5,0.3,Viable tumour cell
3.91863,10.7188,0.3194810064375706,0.5,0.3,Viable tumour cell
-7.41553,13.3573,0.5037283440424453,0.5,0.3,Viable tumour cell
-18.2359,-4.81016,0.8565722270383473,0.5,0.3,Viable tumour cell
-8.86848,-13.0955,0.5527949382815686,0.5,0.3,Viable tumour cell
7.55719,-10.0093,0.3658073602293165,0.5,0.3,Viable tumour cell
-11.4022,-6.25807,0.3605573849611569,0.5,0.3,Viable tumour cell
0.113919,13.8897,0.4281713411420593,0.5,0.3,Viable tumour cell
1.35903,-8.7987,0.2638994165602555,0.5,0.3,Viable tumour cell
15.688,-3.16253,0.6216005340300262,0.5,0.3,Viable tumour cell
-13.1757,-1.8554,0.3661361081788277,0.5,0.3,Viable tumour cell
6.41943,8.69554,0.30020827075107437,0.5,0.3,Viable tumour cell
9.83335,8.5572,0.3825963457851025,0.5,0.3,Viable tumour cell
-8.9332,-3.35803,0.270657081308534,0.5,0.3,Viable tumour cell
-6.42192,-8.45299,0.29250517165358675,0.5,0.3,Viable tumour cell
-9.91951,-14.0548,0.680524230494222,0.5,0.3,Viable tumour cell
11.9824,4.4859,0.3682055483475194,0.5,0.3,Viable tumour cell
-14.327,3.67827,0.4405713148753264,0.5,0.3,Viable tumour cell
-8.84491,-10.9047,0.42242346208911474,0.5,0.3,Viable tumour cell
-0.295001,10.6537,0.2958709806161826,0.5,0.3,Viable tumour cell
17.7017,2.46318,0.7986732692420007,0.5,0.3,Viable tumour cell
-12.305,6.39256,0.39270621544305756,0.5,0.3,Viable tumour cell
-12.0277,1.24511,0.31795587854362783,0.5,0.3,Viable tumour cell
-14.365,-11.5771,0.81618978086901,0.5,0.3,Viable tumour cell
-12.0401,4.6691,0.34637995043777603,0.5,0.3,Viable tumour cell
3.05324,10.9925,0.3169153522093824,0.5,0.3,Viable tumour cell
-8.99597,-8.28125,0.3328222310637822,0.5,0.3,Viable tumour cell
17.3144,4.83077,0.8041052281404282,0.5,0.3,Viable tumour cell
-1.19223,-11.9259,0.3375551828535266,0.5,0.3,Viable tumour cell
9.36818,10.1761,0.42846798950439935,0.5,0.3,Viable tumour cell
17.2116,4.00083,0.7639882725803656,0.5,0.3,Viable tumour cell
14.7687,-3.22625,0.5382029259351536,0.5,0.3,Viable tumour cell
-16.3809,2.45605,0.5736479276074852,0.5,0.3,Viable tumour cell
-3.29303,-16.9885,0.7267846103009189,0.5,0.3,Viable tumour cell
-11.8509,3.91335,0.32819275285079824,0.5,0.3,Viable tumour cell
-9.53773,5.45533,0.28800988516850146,0.5,0.3,Viable tumour cell
-0.986217,-13.5607,0.416612589757288,0.5,0.3,Viable tumour cell
0.8998,9.51863,0.27518283332795673,0.5,0.3,Viable tumour cell
6.92936,-12.6261,0.4837363643826047,0.5,0.3,Viable tumour cell
9.46605,-7.45134,0.3434992296153406,0.5,0.3,Viable tumour cell
-15.7558,-9.39539,0.8060047605094744,0.5,0.3,Viable tumour cell
-14.4034,9.12272,0.6270384399710164,0.5,0.3,Viable tumour cell
-2.46306,16.2165,0.6183140390274967,0.5,0.3,Viable tumour cell
-10.6235,-6.3725,0.33686624134735965,0.5,0.3,Viable tumour cell
-4.7143,17.1704,0.7494852648701535,0.5,0.3,Viable tumour cell
-4.42553,-13.1055,0.42290037591096696,0.5,0.3,Viable tumour cell
-8.25534,-8.30661,0.3174993135155493,0.5,0.3,Viable tumour cell
-9.7438,-10.7529,0.44812648935812505,0.5,0.3,Viable tumour cell
-9.73013,8.92143,0.36435334652063595,0.5,0.3,Viable tumour cell
-13.5188,-11.0375,0.6941816923478384,0.5,0.3,Viable tumour cell
-1.8967,-14.9514,0.5139025520269688,0.5,0.3,Viable tumour cell
-5.86086,9.9509,0.30920780282599575,0.5,0.3,Viable tumour cell
-3.01251,-13.775,0.44163419594786557,0.5,0.3,Viable tumour cell
8.66786,15.1811,0.7274728904610707,0.5,0.3,Viable tumour cell
-16.3909,-4.81054,0.6479736834347647,0.5,0.3,Viable tumour cell
16.8836,3.15145,0.7066285175858188,0.5,0.3,Viable tumour cell
-8.11385,10.989,0.39645449640397046,0.5,0.3,Viable tumour cell
15.4354,1.38692,0.5513048648799513,0.5,0.3,Viable tumour cell
-10.217,-4.84116,0.3009946203617955,0.5,0.3,Viable tumour cell
9.56618,3.07072,0.2824246268298211,0.5,0.3,Viable tumour cell
-15.261,-1.77953,0.4798328960520296,0.5,0.3,Viable tumour cell
-7.42573,11.7982,0.4137205553397029,0.5,0.3,Viable tumour cell
-11.8535,-5.44461,0.361864723164623,0.5,0.3,Viable tumour cell
-11.2084,5.47731,0.3316475245119181,0.5,0.3,Viable tumour cell
8.98146,9.21857,0.3750184352972512,0.5,0.3,Viable tumour cell
3.24369,12.507,0.3792332419181254,0.5,0.3,Viable tumour cell
14.8718,2.44179,0.510996566400588,0.5,0.3,Viable tumour cell
-9.2763,8.00014,0.3240130600934846,0.5,0.3,Viable tumour cell
-6.82071,-12.6677,0.4524013906337788,0.5,0.3,Viable tumour cell
7.95393,-2.90496,0.25874427744732903,0.5,0.3,Viable tumour cell
-3.6483,-13.0495,0.407277959516684,0.5,0.3,Viable tumour cell
-3.32799,13.5538,0.42274119299165114,0.5,0.3,Viable tumour cell
16.055,0.669098,0.6063606861478663,0.5,0.3,Viable tumour cell
11.6762,3.73237,0.3468986189419403,0.5,0.3,Viable tumour cell
10.5952,7.06098,0.3664420335829309,0.5,0.3,Viable tumour cell
-1.12639,11.1535,0.3085771869882652,0.5,0.3,Viable tumour cell
11.564,-11.8647,0.65003006974066,0.5,0.3,Viable tumour cell
-8.18181,-14.1383,0.6068294285335715,0.5,0.3,Viable tumour cell
-11.5596,-3.96724,0.3291755493898957,0.5,0.3,Viable tumour cell
-16.2559,8.83935,0.8014282373679236,0.5,0.3,Viable tumour cell
4.53746,-14.8659,0.578767433833248,0.5,0.3,Viable tumour cell
-13.9591,-4.23465,0.43797136293426464,0.5,0.3,Viable tumour cell
5.10193,12.247,0.39541662474167705,0.5,0.3,Viable tumour cell
10.1475,-12.7392,0.6314540891627558,0.5,0.3,Viable tumour cell
-4.5344,14.8284,0.5229634744374512,0.5,0.3,Viable tumour cell
0.059376,-10.8321,0.3036545516602026,0.5,0.3,Viable tumour cell
-17.5781,-0.788561,0.6733959047040692,0.5,0.3,Viable tumour cell
12.2861,5.19777,0.39560877576936476,0.5,0.3,Viable tumour cell
0.840003,-13.1662,0.39482425268672994,0.5,0.3,Viable tumour cell
-5.0983,-11.0393,0.33822295866455954,0.5,0.3,Viable tumour cell
-10.9307,-12.4863,0.6125288216123187,0.5,0.3,Viable tumour cell
-0.183792,-16.5279,0.6567872642891397,0.5,0.3,Viable tumour cell
-10.4777,5.89273,0.3157371127861873,0.5,0.3,Viable tumour cell
15.1589,7.0931,0.6449185996590269,0.5,0.3,Viable tumour cell
-2.48165,-16.7468,0.6879168711527417,0.5,0.3,Viable tumour cell
16.5275,4.37196,0.6974376698485194,0.5,0.3,Viable tumour cell
17.5998,-3.49041,0.8454128890161647,0.5,0.3,Viable tumour cell
-13.7558,-2.66802,0.4025095230360963,0.5,0.3,Viable tumour cell
10.7786,-9.47555,0.4668941784600733,0.5,0.3,Viable tumour cell
12.8222,-7.06746,0.49684486768285197,0.5,0.3,Viable tumour cell
2.61587,-16.1983,0.6517178792939591,0.5,0.3,Viable tumour cell
-17.0909,4.11619,0.6781057044832425,0.5,0.3,Viable tumour cell
-14.2164,-1.85571,0.41506823301935425,0.5,0.3,Viable tumour cell
15.5859,-4.84331,0.6608803559008056,0.5,0.3,Viable tumour cell
9.10528,-13.9607,0.6880851284270106,0.5,0.3,Viable tumour cell
0.529464,13.0842,0.3850987212525099,0.5,0.3,Viable tumour cell
6.84221,14.3646,0.573449334635621,0.5,0.3,Viable tumour cell
15.5596,5.70344,0.6400701442919403,0.5,0.3,Viable tumour cell
5.33895,13.9369,0.4969808239878648,0.5,0.3,Viable tumour cell
-9.91908,-5.73661,0.3053845233693942,0.5,0.3,Viable tumour cell
2.41937,-13.6556,0.4411579365412872,0.5,0.3,Viable tumour cell
-18.1415,5.62419,0.8665409045195437,0.5,0.3,Viable tumour cell
13.1106,-10.7982,0.694650134969968,0.5,0.3,Viable tumour cell
-7.74119,-14.9565,0.6713469764770599,0.5,0.3,Viable tumour cell
6.5728,12.7527,0.45530644777536083,0.5,0.3,Viable tumour cell
3.60065,17.5728,0.8084836117111405,0.5,0.3,Viable tumour cell
6.65971,-15.9147,0.7891256712861201,0.5,0.3,Viable tumour cell
-2.00055,15.2797,0.5308072208696362,0.5,0.3,Viable tumour cell
-14.8091,-9.1248,0.684736810903858,0.5,0.3,Viable tumour cell
-7.82668,-9.38237,0.3359214733398564,0.5,0.3,Viable tumour cell
5.79801,10.4525,0.3371105571406976,0.5,0.3,Viable tumour cell
-9.54308,14.8027,0.7268545700937027,0.5,0.3,Viable tumour cell
0.220335,-14.965,0.5104895141546123,0.5,0.3,Viable tumour cell
-5.34116,16.4455,0.6901087657743684,0.5,0.3,Viable tumour cell
3.92447,13.3346,0.432304428667062,0.5,0.3,Viable tumour cell
-0.566238,-12.5584,0.3655216368978603,0.5,0.3,Viable tumour cell
0.326239,-17.2557,0.7460552423837954,0.5,0.3,Viable tumour cell
-7.24895,-13.3146,0.5081180470794651,0.5,0.3,Viable tumour cell
-8.94274,11.2299,0.4322701962966877,0.5,0.3,Viable tumour cell
14.6561,-4.77341,0.5679288115141944,0.5,0.3,Viable tumour cell
-15.1287,-0.013209,0.45755378438017624,0.5,0.3,Viable tumour cell
-13.4691,9.09301,0.5559050158576326,0.5,0.3,Viable tumour cell
8.5149,10.2275,0.398999007485298,0.5,0.3,Viable tumour cell
-18.7465,0.453913,0.8160687941260585,0.5,0.3,Viable tumour cell
5.64321,-14.2116,0.5551146432971923,0.5,0.3,Viable tumour cell
-11.784,-7.68476,0.41192826165618474,0.5,0.3,Viable tumour cell
0.256537,-12.4995,0.3634547273547352,0.5,0.3,Viable tumour cell
-9.35069,13.2,0.5757084381033314,0.5,0.3,Viable tumour cell
-0.547009,13.0466,0.381917904342472,0.5,0.3,Viable tumour cell
1.33526,16.307,0.6287343800593694,0.5,0.3,Viable tumour cell
-16.9927,0.166292,0.6072611188093601,0.5,0.3,Viable tumour cell
-5.53424,11.6806,0.366241178421254,0.5,0.3,Viable tumour cell
-0.821124,-14.8509,0.4996713202698288,0.5,0.3,Viable tumour cell
15.807,-5.81336,0.7278021437672174,0.5,0.3,Viable tumour cell
12.4977,3.17976,0.3766700162255405,0.5,0.3,Viable tumour cell
10.1567,-7.02965,0.3564249312088549,0.5,0.3,Viable tumour cell
-2.91852,12.7379,0.3763282034740361,0.5,0.3,Viable tumour cell
7.63879,-12.6127,0.5075310499337957,0.5,0.3,Viable tumour cell
8.45181,12.5176,0.5155969153623182,0.5,0.3,Viable tumour cell
-6.30346,13.3475,0.46651729252418317,0.5,0.3,Viable tumour cell
-14.0009,11.3829,0.7370032657666541,0.5,0.3,Viable tumour cell
17.2429,-2.63277,0.7770748492562003,0.5,0.3,Viable tumour cell
2.35251,16.6107,0.6716216535875863,0.5,0.3,Viable tumour cell
11.5232,7.42005,0.41906826845576445,0.5,0.3,Viable tumour cell
8.48131,15.8382,0.7792254301658086,0.5,0.3,Viable tumour cell
14.2468,-4.21446,0.5180643989507153,0.5,0.3,Viable tumour cell
9.35029,-12.1293,0.5428018219376305,0.5,0.3,Viable tumour cell
13.3954,3.37235,0.4262932303708813,0.5,0.3,Viable tumour cell
10.9406,6.34149,0.36303098680917206,0.5,0.3,Viable tumour cell
-10.0225,9.75412,0.4052980396329436,0.5,0.3,Viable tumour cell
8.34894,-14.0179,0.6524763912495499,0.5,0.3,Viable tumour cell
12.5964,6.86996,0.45614850606075746,0.5,0.3,Viable tumour cell
8.19592,-8.73904,0.3398957312428605,0.5,0.3,Viable tumour cell
-15.2153,-3.51415,0.507658491779716,0.5,0.3,Viable tumour cell
4.19115,12.5067,0.39309432518066617,0.5,0.3,Viable tumour cell
2.24531,-17.0406,0.7378058631669043,0.5,0.3,Viable tumour cell
-7.22184,15.9158,0.7100711885273456,0.5,0.3,Viable tumour cell
-15.2623,-5.65694,0.5716041666820425,0.5,0.3,Viable tumour cell
-10.3634,13.3845,0.6441802816923249,0.5,0.3,Viable tumour cell
1.90204,-15.3821,0.5633518459494041,0.5,0.3,Viable tumour cell
-11.6316,10.3475,0.5066853754793108,0.5,0.3,Viable tumour cell
-0.443356,17.223,0.7285511501579298,0.5,0.3,Viable tumour cell
-10.9602,-14.0792,0.752629983580224,0.5,0.3,Viable tumour cell
13.3236,11.8025,0.829322270590003,0.5,0.3,Viable tumour cell
8.6963,-12.2987,0.5277697090613798,0.5,0.3,Viable tumour cell
-10.5365,-10.9008,0.4899232107484985,0.5,0.3,Viable tumour cell
12.4024,-12.346,0.745959209726974,0.5,0.3,Viable tumour cell
-16.9403,0.734222,0.6011954765819105,0.5,0.3,Viable tumour cell
9.94052,-11.6051,0.535793278788088,0.5,0.3,Viable tumour cell
-18.1819,2.91015,0.7669142516448211,0.5,0.3,Viable tumour cell
-13.1764,-4.28699,0.39760452305781435,0.5,0.3,Viable tumour cell
11.4795,-2.32987,0.33438244662166394,0.5,0.3,Viable tumour cell
-14.9409,-4.24422,0.5033753262079009,0.5,0.3,Viable tumour cell
-16.4549,7.9434,0.7741047983637176,0.5,0.3,Viable tumour cell
-13.4575,-8.23945,0.5284934509483,0.5,0.3,Viable tumour cell
15.108,6.21403,0.6108519158860675,0.5,0.3,Viable tumour cell
13.6805,-0.564635,0.4264991896416034,0.5,0.3,Viable tumour cell
14.2575,9.24415,0.6808956251359513,0.5,0.3,Viable tumour cell
2.89693,13.4409,0.4231871740139854,0.5,0.3,Viable tumour cell
-1.46736,-16.4357,0.6467082436346135,0.5,0.3,Viable tumour cell
-7.01103,15.0394,0.6130316200860059,0.5,0.3,Viable tumour cell
10.9971,-6.74183,0.3820664232280176,0.5,0.3,Viable tumour cell
6.15414,-11.8351,0.41048990126050744,0.5,0.3,Viable tumour cell
-16.9165,6.26813,0.7372706044712796,0.5,0.3,Viable tumour cell
10.225,-4.4195,0.3124548998690764,0.5,0.3,Viable tumour cell
12.766,1.64592,0.37610585272303215,0.5,0.3,Viable tumour cell
13.7469,-3.39623,0.4640847166207227,0.5,0.3,Viable tumour cell
11.8688,-4.93951,0.38341094085762417,0.5,0.3,Viable tumour cell
1.29706,-12.1618,0.3524612791048741,0.5,0.3,Viable tumour cell
5.05024,16.8511,0.758179857450831,0.5,0.3,Viable tumour cell
5.62964,16.0898,0.6898235308624195,0.5,0.3,Viable tumour cell
14.5754,-8.881,0.7268309447671969,0.5,0.3,Viable tumour cell
3.17097,16.6751,0.6917926052141602,0.5,0.3,Viable tumour cell
11.6049,-8.93244,0.4883850479896329,0.5,0.3,Viable tumour cell
-5.96883,14.0791,0.5025877144555569,0.5,0.3,Viable tumour cell
-11.0253,-11.5488,0.5532580377234374,0.5,0.3,Viable tumour cell
2.09152,-12.1379,0.356616717955368,0.5,0.3,Viable tumour cell
14.4931,-6.9903,0.6353389272794803,0.5,0.3,Viable tumour cell
-12.141,11.2394,0.5892072695266136,0.5,0.3,Viable tumour cell
4.33816,-12.3683,0.39959778941966245,0.5,0.3,Viable tumour cell
-14.0217,2.92255,0.41220721694051576,0.5,0.3,Viable tumour cell
-6.36055,14.9062,0.5795086898246531,0.5,0.3,Viable tumour cell
11.7964,11.0511,0.6238745991964499,0.5,0.3,Viable tumour cell
10.255,13.8724,0.7252707040467468,0.5,0.3,Viable tumour cell
3.85819,-17.5455,0.8467836919122068,0.5,0.3,Viable tumour cell
-5.54044,-11.6469,0.37080134585522,0.5,0.3,Viable tumour cell
-17.0721,-1.52184,0.6260980008142875,0.5,0.3,Viable tumour cell
9.75518,9.26263,0.4066968775891862,0.5,0.3,Viable tumour cell
-12.3018,-8.11096,0.4516570625646519,0.5,0.3,Viable tumour cell
10.7649,-10.4802,0.5151463135365953,0.5,0.3,Viable tumour cell
-16.8787,-4.23193,0.6735039233538999,0.5,0.3,Viable tumour cell
6.58866,-14.2211,0.5941442243831848,0.5,0.3,Viable tumour cell
14.9179,-7.7577,0.7092149801941211,0.5,0.3,Viable tumour cell
-12.1179,5.62231,0.36680347513193745,0.5,0.3,Viable tumour cell
-10.4841,15.155,0.8323088545849489,0.5,0.3,Viable tumour cell
16.4492,4.91953,0.7065132180378639,0.5,0.3,Viable tumour cell
-8.88259,13.9325,0.6099185579716266,0.5,0.3,Viable tumour cell
-1.25926,17.5972,0.7811824168535326,0.5,0.3,Viable tumour cell
-4.99056,-12.5148,0.4018914797772883,0.5,0.3,Viable tumour cell
-17.7585,-4.09241,0.7585554376575285,0.5,0.3,Viable tumour cell
-5.57376,13.2766,0.4446426767715441,0.5,0.3,Viable tumour cell
-5.68971,17.4277,0.8089965164922632,0.5,0.3,Viable tumour cell
13.4384,5.75363,0.473391433665976,0.5,0.3,Viable tumour cell
-15.7289,5.85022,0.5982091357847765,0.5,0.3,Viable tumour cell
-14.7504,2.25074,0.44813777883529726,0.5,0.3,Viable tumour cell
-12.9795,11.2257,0.6454971160311767,0.5,0.3,Viable tumour cell
-6.90381,14.1978,0.5449013877549644,0.5,0.3,Viable tumour cell
-0.737684,-17.1149,0.720608644437016,0.5,0.3,Viable tumour cell
14.2043,5.87932,0.5268289717345367,0.5,0.3,Viable tumour cell
-13.5186,3.48409,0.39526751199196875,0.5,0.3,Viable tumour cell
-4.11364,-12.4344,0.3839003893794244,0.5,0.3,Viable tumour cell
6.07821,15.4003,0.6377833090220254,0.5,0.3,Viable tumour cell
-16.3613,-3.13318,0.5896584607832597,0.5,0.3,Viable tumour cell
-11.8748,-10.0388,0.5101100240422628,0.5,0.3,Viable tumour cell
11.1894,-7.31946,0.4081788617684557,0.5,0.3,Viable tumour cell
-9.66715,-9.21926,0.38001156583849,0.5,0.3,Viable tumour cell
-16.9557,-2.54122,0.6310151000305173,0.5,0.3,Viable tumour cell
-8.46822,11.8595,0.44862884426873795,0.5,0.3,Viable tumour cell
14.7857,9.88484,0.7741151222738618,0.5,0.3,Viable tumour cell
13.2349,-2.08374,0.4135960122544603,0.5,0.3,Viable tumour cell
-17.9165,-1.43064,0.7127325904753331,0.5,0.3,Viable tumour cell
3.32431,-13.5972,0.4519463325964521,0.5,0.3,Viable tumour cell
-10.0296,12.6115,0.5645195174952672,0.5,0.3,Viable tumour cell
0.815217,17.0144,0.7016004199620877,0.5,0.3,Viable tumour cell
-16.6167,-6.52234,0.7476523121379444,0.5,0.3,Viable tumour cell
16.9996,6.41545,0.8337659151640894,0.5,0.3,Viable tumour cell
-12.3263,-13.1365,0.757572552206153,0.5,0.3,Viable tumour cell
11.5141,-8.28134,0.45741934486556535,0.5,0.3,Viable tumour cell
-4.95586,-16.4865,0.7251936828748927,0.5,0.3,Viable tumour cell
10.3568,12.1433,0.5975886965752308,0.5,0.3,Viable tumour cell
-12.1532,7.96321,0.4295678603385968,0.5,0.3,Viable tumour cell
-8.15608,-15.7133,0.7878867014980045,0.5,0.3,Viable tumour cell
-12.6471,-12.3469,0.717771096542789,0.5,0.3,Viable tumour cell
-7.90948,-10.8267,0.3891720606624158,0.5,0.3,Viable tumour cell
-14.7924,3.20232,0.4613311059517331,0.5,0.3,Viable tumour cell
13.8002,-9.24326,0.6674562448838735,0.5,0.3,Viable tumour cell
-12.2157,9.57935,0.5008332343685676,0.5,0.3,Viable tumour cell
5.41956,-12.0732,0.4062114114543693,0.5,0.3,Viable tumour cell
9.55293,12.1138,0.5444639174992112,0.5,0.3,Viable tumour cell
-13.8738,6.25628,0.46946316683151273,0.5,0.3,Viable tumour cell
16.1479,3.60798,0.6371920672326358,0.5,0.3,Viable tumour cell
-6.52369,-14.3282,0.5639507941481597,0.5,0.3,Viable tumour cell
-2.37467,14.6499,0.48437731569202214,0.5,0.3,Viable tumour cell
15.2037,3.17108,0.5451167887723385,0.5,0.3,Viable tumour cell
17.7746,-1.7613,0.8253359451278885,0.5,0.3,Viable tumour cell
11.9713,-7.50314,0.45602771414122145,0.5,0.3,Viable tumour cell
7.92768,9.25757,0.3462571652730722,0.5,0.3,Viable tumour cell
16.6927,8.1555,0.8485850831963145,0.5,0.3,Viable tumour cell
-3.97843,18.6041,0.9066851784451356,0.5,0.3,Viable tumour cell
11.5235,-5.79642,0.3865028278868359,0.5,0.3,Viable tumour cell
-15.3964,9.19165,0.7266442957360588,0.5,0.3,Viable tumour cell
10.0572,11.155,0.5143561078164499,0.5,0.3,Viable tumour cell
11.8926,8.32178,0.47076611464436297,0.5,0.3,Viable tumour cell
0.600695,14.5299,0.4733289430683395,0.5,0.3,Viable tumour cell
14.55,-9.68302,0.7716686731644121,0.5,0.3,Viable tumour cell
-3.259,-14.4662,0.49290150355199797,0.5,0.3,Viable tumour cell
11.9463,12.7266,0.7921204748040287,0.5,0.3,Viable tumour cell
-11.6757,-8.55022,0.4350742612567883,0.5,0.3,Viable tumour cell
-4.34561,-17.2602,0.7925866998327835,0.5,0.3,Viable tumour cell
-16.2072,4.04378,0.5877320161658335,0.5,0.3,Viable tumour cell
-12.0623,13.852,0.8251022922083517,0.5,0.3,Viable tumour cell
-9.05167,-14.073,0.6407391675815357,0.5,0.3,Viable tumour cell
9.48374,15.3903,0.8032723004148024,0.5,0.3,Viable tumour cell
-11.2132,8.30645,0.39878128609921315,0.5,0.3,Viable tumour cell
13.0385,-3.81385,0.4250144387165112,0.5,0.3,Viable tumour cell
-1.52824,-15.6036,0.5661254051936936,0.5,0.3,Viable tumour cell
-13.1997,6.65125,0.4413476901937638,0.5,0.3,Viable tumour cell
7.82634,-11.7889,0.4601563588525877,0.5,0.3,Viable tumour cell
-16.1089,6.34286,0.653077425081875,0.5,0.3,Viable tumour cell
-18.7045,-3.91841,0.8556874933626515,0.5,0.3,Viable tumour cell
13.6262,8.39772,0.5858987468703444,0.5,0.3,Viable tumour cell
-12.81,-5.35891,0.39931303654816896,0.5,0.3,Viable tumour cell
-9.70029,-13.0949,0.5916322136705437,0.5,0.3,Viable tumour cell
-5.67569,-14.2089,0.5253461346887811,0.5,0.3,Viable tumour cell
1.66334,14.5201,0.47948257281298856,0.5,0.3,Viable tumour cell
9.17046,10.8183,0.4503750502735529,0.5,0.3,Viable tumour cell
-3.29684,16.2085,0.6263037389357382,0.5,0.3,Viable tumour cell
6.90634,11.9585,0.423829791026729,0.5,0.3,Viable tumour cell
16.3413,-0.919636,0.6441890567615307,0.5,0.3,Viable tumour cell
-10.1917,-12.5196,0.5745689319259114,0.5,0.3,Viable tumour cell
-13.8785,5.33399,0.4471209256283192,0.5,0.3,Viable tumour cell
-10.5504,11.5441,0.5182506806951301,0.5,0.3,Viable tumour cell
17.3136,1.5199,0.7470649831074558,0.5,0.3,Viable tumour cell
-4.11276,17.6653,0.793755186902291,0.5,0.3,Viable tumour cell
17.8933,3.27924,0.8359990617015014,0.5,0.3,Viable tumour cell
-1.4273,14.619,0.4789622723113616,0.5,0.3,Viable tumour cell
-16.1283,-5.76432,0.6577986702959122,0.5,0.3,Viable tumour cell
17.166,-0.955034,0.7355567863867064,0.5,0.3,Viable tumour cell
-1.87517,16.8639,0.6865747204538851,0.5,0.3,Viable tumour cell
-4.29534,-14.8011,0.5393098678477536,0.5,0.3,Viable tumour cell
4.92603,-13.958,0.5125682035293627,0.5,0.3,Viable tumour cell
-15.683,8.06136,0.6923915284264611,0.5,0.3,Viable tumour cell
15.1745,0.579761,0.527490580624635,0.5,0.3,Viable tumour cell
-13.0002,7.97538,0.4758089134669837,0.5,0.3,Viable tumour cell
3.69539,-12.5528,0.39752416534031415,0.5,0.3,Viable tumour cell
-14.587,10.7318,0.7443185333451029,0.5,0.3,Viable tumour cell
-14.0388,9.88423,0.6386744996239633,0.5,0.3,Viable tumour cell
-5.49573,-15.9372,0.6851104455776404,0.5,0.3,Viable tumour cell
-15.0696,9.81881,0.733577504601409,0.5,0.3,Viable tumour cell
16.6695,-3.3371,0.7273438866666495,0.5,0.3,Viable tumour cell
-13.6452,-12.1376,0.7845204928562861,0.5,0.3,Viable tumour cell
7.95593,13.4828,0.5536988020405832,0.5,0.3,Viable tumour cell
13.3024,-5.56142,0.48462745837797516,0.5,0.3,Viable tumour cell
12.647,-4.92835,0.4249513398032457,0.5,0.3,Viable tumour cell
-13.1327,-6.64038,0.4489021849954803,0.5,0.3,Viable tumour cell
8.81993,-14.7541,0.7565646467381094,0.5,0.3,Viable tumour cell
-1.25431,-14.1437,0.4525983496992143,0.5,0.3,Viable tumour cell
7.30711,-14.2795,0.6302787573413466,0.5,0.3,Viable tumour cell
-4.56955,-18.0875,0.9005942349288175,0.5,0.3,Viable tumour cell
-17.8217,0.318472,0.6972191272974195,0.5,0.3,Viable tumour cell
-7.73704,14.5156,0.6019595539587359,0.5,0.3,Viable tumour cell
-17.043,7.13289,0.7949197956564219,0.5,0.3,Viable tumour cell
12.8953,10.1727,0.642413803134306,0.5,0.3,Viable tumour cell
-7.44749,-14.2991,0.5927089504079727,0.5,0.3,Viable tumour cell
-16.1722,0.736204,0.5371891786702961,0.5,0.3,Viable tumour cell
-15.7074,4.8876,0.5678826696091843,0.5,0.3,Viable tumour cell
13.9369,0.0799377,0.43684816841074225,0.5,0.3,Viable tumour cell
-10.1866,-16.1489,0.9247799951052126,0.5,0.3,Macrophage
-19.0781,3.32332,0.8892252074097012,0.5,0.3,Macrophage
-15.6763,12.3345,0.9784046527214554,0.5,0.3,Macrophage
-4.30322,-19.865,1.0000000028302538,0.5,0.3,Macrophage
1.1651,18.0542,0.8468671464446659,0.5,0.3,Macrophage
-17.7995,4.73122,0.7875916802293103,0.5,0.3,Macrophage
13.8942,14.2814,1.0000000028302538,0.5,0.3,Macrophage
12.2656,-14.1856,0.9008302180371629,0.5,0.3,Macrophage
-16.2391,-10.071,0.9108781118123357,0.5,0.3,Macrophage
-11.4295,-14.9292,0.8710953124076024,0.5,0.3,Macrophage
-14.9988,11.5116,0.8381164513725283,0.5,0.3,Macrophage
-16.6921,12.2819,1.0000000028302538,0.5,0.3,Macrophage
-3.15321,18.0124,0.8414306627684545,0.5,0.3,Macrophage
17.4769,-5.12242,0.9161788807869604,0.5,0.3,Macrophage
16.898,-8.89961,0.9839709644464528,0.5,0.3,Macrophage
-17.9428,-5.72263,0.9512733655989617,0.5,0.3,Macrophage
-18.7693,-7.63321,0.9854346018848555,0.5,0.3,Macrophage
-6.61013,-18.8098,1.0000000028302538,0.5,0.3,Macrophage
10.9025,-14.9553,0.9823338185550088,0.5,0.3,Macrophage
6.61481,-16.8423,0.9374971546501265,0.5,0.3,Macrophage
-5.57179,-18.8237,1.0000000028302538,0.5,0.3,Macrophage
4.58938,-18.957,0.9960649258288718,0.5,0.3,Macrophage
12.9748,12.7589,0.955655932979132,0.5,0.3,Macrophage
-1.13435,-18.171,0.864231839723547,0.5,0.3,Macrophage
18.6305,2.64059,0.937386946571956,0.5,0.3,Macrophage
1.47056,-20.3316,1.0000000028302538,0.5,0.3,Macrophage
18.2003,-0.884439,0.8762481548097534,0.5,0.3,Macrophage
0.792475,-18.109,0.8655915951791978,0.5,0.3,Macrophage
5.56555,17.7355,0.9242369822152796,0.5,0.3,Macrophage
-20.889,-1.44489,1.0000000028302538,0.5,0.3,Macrophage
3.22666,-19.748,1.0000000028302538,0.5,0.3,Macrophage
-0.530119,18.25,0.8777625499225533,0.5,0.3,Macrophage
-18.4864,-10.702,1.0000000028302538,0.5,0.3,Macrophage
-5.2539,-17.4096,0.8589940630313192,0.5,0.3,Macrophage
-19.8501,-3.44186,0.9792765889952614,0.5,0.3,Macrophage
-13.0886,13.8548,0.8970551176277233,0.5,0.3,Macrophage
-20.3348,-0.102745,1.0000000028302538,0.5,0.3,Macrophage
-9.17374,16.5477,0.9328512151204155,0.5,0.3,Macrophage
-17.1292,-8.25735,0.8711080091930548,0.5,0.3,Macrophage
8.08813,-16.5678,0.9404384342181151,0.5,0.3,Macrophage
18.2859,6.75931,1.0000000028302538,0.5,0.3,Macrophage
-13.4638,12.2184,0.7591848661646865,0.5,0.3,Macrophage
11.6218,16.1639,1.0000000028302538,0.5,0.3,Macrophage
-0.451222,20.1983,1.0000000028302538,0.5,0.3,Macrophage
-14.2636,-12.874,0.9120718246920965,0.5,0.3,Macrophage
-1.71788,18.6971,0.9507299775620968,0.5,0.3,Macrophage
18.1976,-2.70273,0.8955775512218456,0.5,0.3,Macrophage
-16.5394,-11.7538,1.0000000028302538,0.5,0.3,Macrophage
-11.4358,14.6946,0.8711151985791457,0.5,0.3,Macrophage
12.4606,15.2597,1.0000000028302538,0.5,0.3,Macrophage
14.8931,-12.1319,0.9853886473608859,0.5,0.3,Macrophage
-14.3676,-10.6365,0.7511034315253118,0.5,0.3,Macrophage
2.872,-17.8126,0.8484566503107228,0.5,0.3,Macrophage
0.711953,-19.3195,1.0000000028302538,0.5,0.3,Macrophage
18.0127,0.771828,0.841661312261924,0.5,0.3,Macrophage
2.43663,-20.5433,1.0000000028302538,0.5,0.3,Macrophage
-1.7726,-19.9089,1.0000000028302538,0.5,0.3,Macrophage
-2.70129,-19.1344,0.9922080314551465,0.5,0.3,Macrophage
17.527,5.74324,0.9022018506568679,0.5,0.3,Macrophage
1.74813,-19.1947,1.0000000028302538,0.5,0.3,Macrophage
18.1772,4.22926,0.8877076851579588,0.5,0.3,Macrophage
3.0097,18.365,0.9075224583571837,0.5,0.3,Macrophage
0.484245,19.3587,1.0000000028302538,0.5,0.3,Macrophage
-9.524,-14.8429,0.7431361831626897,0.5,0.3,Macrophage
-19.4378,1.33878,0.9158628076036072,0.5,0.3,Macrophage
-19.326,-0.346536,0.8972413449094062,0.5,0.3,Macrophage
-15.2028,-12.2081,0.9473574906136629,0.5,0.3,Macrophage
15.1311,13.0223,1.0000000028302538,0.5,0.3,Macrophage
11.9947,13.7589,0.8826955492766438,0.5,0.3,Macrophage
-16.0337,9.82488,0.8407786247858183,0.5,0.3,Macrophage
-2.80622,-20.668,1.0000000028302538,0.5,0.3,Macrophage
5.4894,-18.417,1.0000000028302538,0.5,0.3,Macrophage
-8.99986,-16.7673,0.9673264330578063,0.5,0.3,Macrophage
16.2729,-6.67145,0.8464346490825865,0.5,0.3,Macrophage
10.3895,15.757,0.9141428494152167,0.5,0.3,Macrophage
17.1113,-7.7847,0.9717425079366568,0.5,0.3,Macrophage
4.76495,-17.3892,0.8788446680208521,0.5,0.3,Macrophage
-19.243,-4.79126,0.947759180581357,0.5,0.3,Macrophage
-3.59941,-17.9346,0.8541349673653194,0.5,0.3,Macrophage
-4.97534,18.1897,0.8862223080177987,0.5,0.3,Macrophage
-0.284052,-19.3623,1.0000000028302538,0.5,0.3,Macrophage
16.9527,7.3521,0.8548671000328445,0.5,0.3,Macrophage
-20.5231,-2.61951,1.0000000028302538,0.5,0.3,Macrophage
-7.85152,-16.6931,0.9287661629111156,0.5,0.3,Macrophage
13.3373,-11.7353,0.7806952411409824,0.5,0.3,Macrophage
14.8787,-10.6133,0.8695186158283149,0.5,0.3,Macrophage
20.1785,0.430211,1.0000000028302538,0.5,0.3,Macrophage
14.2097,11.7368,0.8951798582457625,0.5,0.3,Macrophage
9.54193,-15.6066,0.9125257826611923,0.5,0.3,Macrophage
18.9729,3.60791,0.9962277128188605,0.5,0.3,Macrophage
16.5444,9.07554,0.879669254799188,0.5,0.3,Macrophage
-18.1598,-6.69834,0.9632278966821933,0.5,0.3,Macrophage
-6.32139,-17.61,0.9553690038217955,0.5,0.3,Macrophage
-8.90888,-17.808,1.0000000028302538,0.5,0.3,Macrophage
15.5129,-9.41522,0.8819469321616634,0.5,0.3,Macrophage
-17.8224,6.57075,0.859742945138226,0.5,0.3,Macrophage
9.13523,16.5955,0.8934022241930725,0.5,0.3,Macrophage
-19.5527,-1.96098,0.9326611878423245,0.5,0.3,Macrophage
7.13696,16.9293,0.8492525730361895,0.5,0.3,Macrophage
13.0442,13.7235,1.0000000028302538,0.5,0.3,Macrophage
6.20545,13.7627,0.5073064402745469,0.5,0.3,Viable tumour cell
-2.5585,-14.3766,0.4789616400229578,0.5,0.3,Viable tumour cell
6.2076,-15.1468,0.6714145535046074,0.5,0.3,Viable tumour cell
14.604,-2.56183,0.5143154280365952,0.5,0.3,Viable tumour cell
-9.09461,-15.7032,0.8254928195230387,0.5,0.3,Viable tumour cell
14.05,-11.1303,0.809068080883407,0.5,0.3,Viable tumour cell
5.63049,-16.9011,0.8593145654287947,0.5,0.3,Viable tumour cell
-8.60084,14.7903,0.6714946243809123,0.5,0.3,Viable tumour cell
-2.65149,-17.5803,0.7884528880622432,0.5,0.3,Viable tumour cell
7.69148,-15.7189,0.8126550846572973,0.5,0.3,Viable tumour cell
3.53481,14.2553,0.48323325755230206,0.5,0.3,Viable tumour cell
17.1069,0.756736,0.7224781076043717,0.5,0.3,Viable tumour cell
-1.99242,-18.2983,0.8665515213392767,0.5,0.3,Viable tumour cell
-7.59402,-12.6145,0.47252713483502184,0.5,0.3,Viable tumour cell
16.2557,-2.61635,0.6655021124513887,0.5,0.3,Viable tumour cell
-5.31143,14.9676,0.5504006977314642,0.5,0.3,Viable tumour cell
12.1839,-8.37746,0.5011040038167294,0.5,0.3,Viable tumour cell
10.794,-12.2461,0.6291113566856781,0.5,0.3,Viable tumour cell
-7.85365,12.6529,0.4728039886930907,0.5,0.3,Viable tumour cell
4.21591,16.7925,0.7286826411503174,0.5,0.3,Viable tumour cell
-15.1886,-10.0382,0.7932226669414932,0.5,0.3,Viable tumour cell
1.27475,-14.6794,0.4963920484937256,0.5,0.3,Viable tumour cell
15.3481,3.94361,0.572090044740782,0.5,0.3,Viable tumour cell
-18.9662,-2.91447,0.8564582517378516,0.5,0.3,Viable tumour cell
0.368159,-15.8009,0.5841512081936397,0.5,0.3,Viable tumour cell
-12.64,10.6352,0.5862845332556367,0.5,0.3,Viable tumour cell
4.51154,17.5787,0.83286049684191,0.5,0.3,Viable tumour cell
10.6848,9.6619,0.46642905731836026,0.5,0.3,Viable tumour cell
11.896,-13.2831,0.7940048441045997,0.5,0.3,Viable tumour cell
1.30346,-17.219,0.7484449128524406,0.5,0.3,Viable tumour cell
-14.7352,-2.64742,0.4587538348150203,0.5,0.3,Viable tumour cell
1.26035,15.287,0.5339263751305219,0.5,0.3,Viable tumour cell
11.3601,-10.2055,0.5343595498358433,0.5,0.3,Viable tumour cell
17.0039,-4.27978,0.8048588183439157,0.5,0.3,Viable tumour cell
-17.7884,1.04747,0.6951678793275119,0.5,0.3,Viable tumour cell
-13.4939,-10.3492,0.6457532251776499,0.5,0.3,Viable tumour cell
-14.7478,-7.13542,0.5768427348724946,0.5,0.3,Viable tumour cell
-4.30358,16.5466,0.6747587829279688,0.5,0.3,Viable tumour cell
11.1385,14.2766,0.8398620432772066,0.5,0.3,Viable tumour cell
10.2345,12.8246,0.6418478992077844,0.5,0.3,Viable tumour cell
-0.148244,-15.5201,0.55739044078568,0.5,0.3,Viable tumour cell
15.7696,9.57779,0.8442015402577593,0.5,0.3,Viable tumour cell
-17.3373,-7.25455,0.8514687440402497,0.5,0.3,Viable tumour cell
-14.5329,-5.05193,0.49401062052009964,0.5,0.3,Viable tumour cell
-10.2572,-11.4935,0.5100875592789964,0.5,0.3,Viable tumour cell
18.2836,1.7141,0.878333152420238,0.5,0.3,Viable tumour cell
16.8001,-5.91111,0.8640921439847123,0.5,0.3,Viable tumour cell
-16.5502,-9.06287,0.8613363413979965,0.5,0.3,Viable tumour cell
7.78237,15.1995,0.6832403410353498,0.5,0.3,Viable tumour cell
-17.3492,2.45856,0.6637163209263641,0.5,0.3,Viable tumour cell
-8.79015,15.5664,0.7655997255814656,0.5,0.3,Viable tumour cell
11.6173,-10.9068,0.5898946657875429,0.5,0.3,Viable tumour cell
1.74394,17.2839,0.740980472337108,0.5,0.3,Viable tumour cell
5.93453,-16.0524,0.7601233079137835,0.5,0.3,Viable tumour cell
-16.5623,-0.901631,0.5727507271644849,0.5,0.3,Viable tumour cell
15.0576,-5.79532,0.6407125930274451,0.5,0.3,Viable tumour cell
11.4215,-12.5747,0.6970155514874108,0.5,0.3,Viable tumour cell
-0.822228,-16.2993,0.6308357759795752,0.5,0.3,Viable tumour cell
12.6953,-6.40731,0.4691870296627282,0.5,0.3,Viable tumour cell
1.10465,-15.5498,0.5671055748502305,0.5,0.3,Viable tumour cell
8.10047,16.7533,0.857097589203234,0.5,0.3,Viable tumour cell
-8.15532,16.375,0.8271376651333068,0.5,0.3,Viable tumour cell
3.34278,15.0964,0.5414136794843215,0.5,0.3,Viable tumour cell
12.3062,10.2018,0.6012942487180443,0.5,0.3,Viable tumour cell
-14.5236,4.72321,0.4743153932635573,0.5,0.3,Viable tumour cell
16.4273,-4.97078,0.7657444689853257,0.5,0.3,Viable tumour cell
-17.3411,5.51541,0.7550990748063852,0.5,0.3,Viable tumour cell
-16.2796,1.74812,0.5540087966109001,0.5,0.3,Viable tumour cell
14.2152,6.73651,0.55645790073499,0.5,0.3,Viable tumour cell
15.437,-7.33187,0.7506136319553888,0.5,0.3,Viable tumour cell
-13.5271,-9.23496,0.5838997708995068,0.5,0.3,Viable tumour cell
5.12656,-14.8261,0.5927990309140048,0.5,0.3,Viable tumour cell
15.9692,6.59287,0.709411409326312,0.5,0.3,Viable tumour cell
-7.18795,16.7423,0.7990802555947715,0.5,0.3,Viable tumour cell
16.0792,2.92886,0.6205501550552561,0.5,0.3,Viable tumour cell
12.6617,-13.2543,0.8440386324546436,0.5,0.3,Viable tumour cell
-16.5513,3.38086,0.6036381754874076,0.5,0.3,Viable tumour cell
-11.4694,-13.1795,0.7005979333183424,0.5,0.3,Viable tumour cell
-16.1704,-2.47116,0.5596159967585812,0.5,0.3,Viable tumour cell
-12.8034,-11.5153,0.6666559988323484,0.5,0.3,Viable tumour cell
-10.4958,14.3555,0.7519379562525693,0.5,0.3,Viable tumour cell
-3.00654,14.2564,0.4626774000050484,0.5,0.3,Viable tumour cell
16.6067,5.90003,0.7654398238587203,0.5,0.3,Viable tumour cell
-15.0981,-7.99061,0.6473869500070825,0.5,0.3,Viable tumour cell
3.7304832491977424,-11.87933575462636,nan,0.5,0.3,Noise
-4.489546554308781,17.882015881382344,nan,0.5,0.3,Noise
-6.47499216654314,16.34971038814383,nan,0.5,0.3,Noise
12.852329492243824,-12.478104535070289,nan,0.5,0.3,Noise
15.66571102499761,-6.234856599627088,nan,0.5,0.3,Noise
-1.5330133345311705,14.208074160858274,nan,0.5,0.3,Noise
-13.417661924799967,-6.012738703836538,nan,0.5,0.3,Noise
-11.916870498147896,8.173615060632551,nan,0.5,0.3,Noise
6.217847001708779,-1.4630341162686216,nan,0.5,0.3,Noise
5.26115116882964,5.620067233022273,nan,0.5,0.3,Noise
-0.7434852662474347,16.16103941417878,nan,0.5,0.3,Noise
-10.36907990261998,17.108960199052966,nan,0.5,0.3,Noise
7.293105067552485,10.812526309206131,nan,0.5,0.3,Noise
18.82109243720625,2.2914548898176177,nan,0.5,0.3,Noise
-15.696788986666547,14.372393931790938,nan,0.5,0.3,Noise
6.997079464563272,-10.743624633674637,nan,0.5,0.3,Noise
12.252036830716888,-4.250218059379406,nan,0.5,0.3,Noise
-17.90411521748115,-9.52404482198506,nan,0.5,0.3,Noise
0.668522867493405,0.9090912860046709,nan,0.5,0.3,Noise
-6.322652890494088,19.318452809686306,nan,0.5,0.3,Noise
-0.11953178591933386,-14.100652686762116,nan,0.5,0.3,Noise
-5.9974439169620375,14.835551960845748,nan,0.5,0.3,Noise
13.06332400806019,-2.8388406856498296,nan,0.5,0.3,Noise
