x,y,codensity
-1.4143383493183792,-0.18245504582342378,0.9434076176102628
-1.4139663470443309,-0.15731967989481613,0.7920272292772025
-1.3814846328362655,-0.12001158212273016,0.5363254886246942
-1.4088556924452416,-0.05540629657850478,0.49229816855762154
-1.3990620964445375,-0.010125393991322522,0.34623062539899147
-1.4098977414135665,0.02386577315642038,0.36129733348511117
-1.4098934622099883,0.06778568473966068,0.3982638228992786
-1.4107868648237238,0.11562965996613175,0.5401873972994568
-1.3853798546099372,0.19174347966726757,0.4499034216747959
-1.4059282214794515,0.24611158634947644,0.361798331226819
-1.4052495554158009,0.2988104644920558,0.337795937919219
-1.4001945657911405,0.33653356667970447,0.3534567776154094
-1.4100349204539908,0.4084815077458682,0.48982047044201465
-1.4097996202943743,0.5197289463687966,0.5335940313928386
-1.388267070634051,0.5418732523970962,0.393979568189193
-1.3914293146578651,0.5908612130360732,0.3440048946958381
-1.4118212808494472,0.6187655451295178,0.4310677894427492
-1.4047923749974893,0.6501378275183134,0.41837185723976206
-1.3915957158785768,0.6978895762253565,0.41122021039640827
-1.4046106325638825,0.7342418686155835,0.44197398539578553
-1.4106934695075306,0.7970691583423709,0.4344696945212247
-1.4041341874682118,0.8377405734438488,0.4248835993854074
-1.4048305156346306,0.8976076075374326,0.4424406481040278
-1.40786541460869,0.9428675314787716,0.508240052779555
-1.4017381767921062,1.0103060172862932,0.5220733459476654
-1.3913852008747687,1.0724249493465474,0.6941882699200373
-1.3683225562999461,0.4558580895641901,0.4261163182566485
-1.3647810598769863,0.9671884059519497,0.37334089238883306
-1.4000214945360752,0.37100441931353584,0.3676061648331948
-1.3801455574565245,0.7822453336401756,0.3379459655695296
-1.3743619727974892,0.38867003805016315,0.32224613956768694
-1.3865307688787658,0.08559532970248529,0.37536189566161116
-1.3840593471547122,0.2732849451207472,0.25115553992065137
-1.352578149101622,0.503667364978957,0.376942928169521
-1.3690873212122574,0.6407438035388523,0.3161007131747389
-1.3663741431051741,0.8659306405623977,0.3409762365583873
-1.3789752993846036,0.03472578052333888,0.2756101212527078
-1.3717113144207602,0.9098886391654663,0.3708607144613266
-1.378502447389202,0.2502111898564075,0.25441871415062983
-1.3622494590912113,0.32112632348821685,0.3016941629782415
-1.3742130042880578,0.7416732887914358,0.3673775475894617
-1.3498875452373083,0.5668699580893242,0.29711703010774204
-1.357740724564944,-0.04515417581320984,0.2962359098711573
-1.3484306748909811,0.017247675320439748,0.26337081842493093
-1.351467905150021,0.22655252230007006,0.32144184076593757
-1.3578698211905553,0.8289203558808838,0.33459107809385247
-1.3702072723841545,0.24887369421227112,0.24799353475040342
-1.34315893166563,0.42078160112635193,0.3548715538312341
-1.3347240314981614,0.6979804963116422,0.3915193134585989
-1.3260676095325576,1.0638685424568322,0.43447628053500686
-1.3490463447360328,0.6152928569355023,0.30394195307732375
-1.3066158855867838,0.151456944574912,0.4993088945775298
-1.334870967711912,0.7734967284544535,0.34986697874915196
-1.3401701811521587,0.05862547466192673,0.3452753922199851
-1.286609509948982,-0.1437586270308103,0.4202659255941146
-1.3502934483492366,-0.018179602733607733,0.25164187901518537
-1.3494017845864792,0.1048699965269307,0.42734012526482523
-1.3226656088205466,0.9274676988109958,0.41141864437883324
-1.3295256761273848,0.30492129156247066,0.3316929829967848
-1.3255173894370595,-0.08921548249995717,0.29277465391272217
-1.330511722649542,0.35909796046192966,0.32411951186405297
-1.3067393062427501,0.48497238826526556,0.37138134801102335
-1.3184776061139665,0.594084894143487,0.26324623591671176
-1.3183425740436863,0.5360649627135404,0.29394279685211117
-1.321512523562452,0.8826015523583125,0.3921997266689041
-1.297989432606719,0.2750608811136235,0.32785050447354697
-1.3127811616511103,0.19102827527932997,0.4243055797838473
-1.3181448280941868,0.38461366653347595,0.3410114452978823
-1.3110877845257514,0.8149143593500199,0.37941297132431206
-1.2849813997682968,0.8647730230291654,0.44786270017315993
-1.3290049760134006,1.0194569485186806,0.30718578902597066
-1.3291907392973086,1.0155559195566168,0.3051195596899393
-1.3217602079409958,-0.01282962015706255,0.25891175131886757
-1.309446755979106,-0.034643537210237746,0.21206156782493904
-1.303031197399057,0.6591062052272422,0.35698237787353376
-1.3217602079409958,1.021500344641667,0.3148677038106308
-1.2966110926181194,0.7514804477056833,0.3981617460012737
-1.2987139141355544,0.9964058019628762,0.3658709759505777
-1.2912156741908716,0.6089630150256757,0.2595805725721779
-1.2898976718440203,0.418767660169092,0.35200672764481583
-1.290918065838135,0.5516225388639876,0.24107662625650034
-1.2647445356586424,0.19958646817234849,0.4127019307566585
-1.2614270201282343,0.3507237830032122,0.31285415098000563
-1.2754016920215079,0.7126748464925398,0.43996194696584845
-1.2905519762444824,0.04272789121475251,0.4344714426724577
-1.259810299026756,0.9471784530006131,0.5091218668668547
-1.2677190148910131,0.7755922169268948,0.4408910633703415
-1.2761592621749216,-0.06117761084880388,0.16571743358645682
-1.292038082515745,-0.08564882744892706,0.14590457473299012
-1.288545732778278,-0.08193356177077082,0.13484727305010977
-1.2890658699732198,-0.029176789140950513,0.26337482040825194
-1.2572686998655025,0.3866027209745028,0.34063464357109613
-1.2536744813272074,0.6731419413909094,0.4051551267621276
-1.252723428949303,1.0529420464051866,0.4073114012782289
-1.2723891730770085,0.24797556911789934,0.3336335063842113
-1.2645738427784046,0.47269623633053875,0.3887059373910805
-1.2694523104135875,0.5724984413532146,0.22380294568790066
-1.2348857757095202,0.8083605205964648,0.46880750497058765
-1.2742048072605945,0.31172306682344825,0.26856286275185526
-1.2649007959604153,0.6250973438871722,0.29740589040205234
-1.2703614289728467,0.5386182965690138,0.28032313282067345
-1.2494952251001301,0.07398743300339378,0.4241666472735499
-1.2630590102261254,0.3029679624862276,0.26019272054432124
-1.2111258159222702,0.9879380006567073,0.5542002261397015
-1.2598391133050564,-0.09258399004815222,0.15338896885175882
-1.2600867976836003,-0.0871349337201897,0.14945896582842702
-1.2211743875291128,0.6194146132074626,0.37260483654194415
-1.2495125799842322,0.5873401132856663,0.26294813935429207
-1.2516122296430463,1.0895978725147102,0.5094209051339319
-1.2473062837507425,0.2738402795694818,0.2966865174339264
-1.254390056977094,-0.09654694010485249,0.18502724143566293
-1.2155628014048907,-0.23999114952677938,0.6137795729766911
-1.2311987114922214,-0.11308802895468749,0.34082148485058433
-1.2338248918937866,0.5398551544151724,0.33098357927119
-1.1870570970112087,0.7390412327153068,0.5315476754440002
-1.231280444766912,0.8968473338690833,0.5042999814351579
-1.23424988196266,0.1187612935413745,0.2996471930822383
-1.2213119826481937,0.41879703883535974,0.3564770441930179
-1.2306413409790633,0.4628034348528691,0.36966588292132074
-1.2228110584807972,1.0900526946638938,0.5600720483643982
-1.1980942236632492,0.2629956933363023,0.39649354812068527
-1.2303646722583494,0.3193151314701156,0.29197591093847675
-1.1802275976237666,0.8441475033148693,0.3700772858458393
-1.2266494065801932,0.1981974703622185,0.42920186725722914
-1.2152236185091094,0.08930249489115485,0.22560461409087362
-1.2144046028121858,0.1393761383080543,0.24847857625071493
-1.215503609545724,0.3936204450332429,0.34082198893930155
-1.1858860798832596,0.557328533388015,0.36857333317828944
-1.1902947083383715,0.3274155087565787,0.33553098209007093
-1.1928720492880545,0.667519132833396,0.4305096509492797
-1.181445930607355,1.047351414504286,0.5180405165025438
-1.1863408405600275,0.46546514135241884,0.39309261582879923
-1.1780623808056665,0.9001004019721914,0.3681411424324238
-1.1830997035142101,-0.01662107707044601,0.5400146776600743
-1.1870231866009873,0.5122382982411354,0.3572554575847222
-1.195907964674012,0.8089966741733746,0.45789568519923535
-1.170378081015641,0.17502710806429744,0.34774240942170404
-1.1712351185360241,0.3992081257746611,0.3797780077875126
-1.1928307118940278,0.10233383885084218,0.14041991775290621
-1.1867253624278966,1.0901557767050392,0.62381859548834
-1.1856328734933468,-0.1745179824704271,0.5671764711250595
-1.1645423456403636,-0.3343791649420755,0.4143585458162963
-1.1701389344893391,0.04699042768157447,0.32180874416503136
-1.154142728074989,0.6939829324986133,0.4715746366317219
-1.1662980519017778,0.29682088654600514,0.3745621596507946
-1.1431976918151827,0.2401955353290636,0.5215707392267612
-1.1494448309927656,0.6457551525721243,0.394606347971382
-1.1753787402216354,0.11943383798530378,0.11058685719541408
-1.1747707876561189,0.12483786078989492,0.12129953994602594
-1.1586264545966771,0.3423986369630555,0.3186212242143411
-1.1629083702062584,-0.28843772016012215,0.3070236723349447
-1.1592759966113104,0.09110982569683262,0.16890281939022259
-1.1679482088653228,0.11943383798530378,0.12212881055883443
-1.129054905118976,0.7917229467390623,0.38260951424410045
-1.1572977805879412,0.020360086567800858,0.3417421025573216
-1.1349220672961013,0.5965220191879523,0.3474255356099469
-1.1427998187229371,0.9371585675443775,0.2790085489025991
-1.1469736124229861,0.10704278638560392,0.1771240615022408
-1.148316481994286,0.4958198417941385,0.3747511462163212
-1.1227527215250712,1.0215423029933832,0.48012003178495555
-1.1597746243733789,-0.30410644932452074,0.2974695963672686
-1.1508970948055735,-0.2984748887176311,0.2679556233759549
-1.14501388951029,-0.1730657368483832,0.5199775795130969
-1.1483242973652903,-0.2564779614504509,0.35610654382188606
-1.1501149336101721,-0.08639188058455838,0.5889851207635295
-1.1415955256462993,0.5567696778509998,0.3214677827129166
-1.0636299847442727,-0.3348519760641605,0.292740399716818
-1.1240513522496707,0.5186008480141545,0.3148066758896054
-1.1324402476333697,0.8341654231663986,0.24096562713051706
-1.114196391166918,0.9643304825193582,0.30380563606674255
-1.0890774096388047,1.0734020058532832,0.6117228084205355
-1.1203565232122685,0.16588491341105144,0.34590855195134784
-1.1280418845811255,-0.3127433493010349,0.2708107923213808
-1.1165585253378543,-0.010294876127290006,0.2720782901235094
-1.1040456392010334,0.04939954471830514,0.18004615779236433
-1.1186647776369416,0.6614695000464661,0.35112098974296796
-1.1223070311634682,0.09425860724431304,0.19649035785215696
-1.086084749913283,0.29920051964203276,0.49004922259180095
-1.1271363658875373,0.3432750901266033,0.34129659203061563
-1.0835097635739657,0.4965181043714021,0.39284348848909806
-1.1172387847687844,0.3833520830844657,0.38902962401272345
-1.1061110750356695,0.5481377148817185,0.29962100571481703
-1.1150597559329856,0.3591672344532766,0.3459200801939069
-1.1181636487780275,-0.1928771107138706,0.4700185600673655
-1.0890893810688964,0.780827813896186,0.34729137406806876
-1.11766828002094,0.8733850862725,0.05131872539457416
-1.086550564210273,0.6380585947618665,0.2720041913142579
-1.1116842254353227,0.8770508150749476,0.0235247658481398
-1.10366974173242,-0.3234258308509338,0.29939892574393934
-1.0953604443534088,0.8327435310931712,0.21874726218948629
-1.11370532996424,0.8847785676855131,0.02454395219019437
-1.1107331174217148,0.8840355145498817,0.016543520000974074
-1.0871650362818817,0.1335659264638149,0.18458258024352378
-1.0862716258524057,0.5671256315072414,0.28157808084506974
-1.0762382475045251,0.7526693561022398,0.3606257250750674
-1.108503958014821,0.9122715337038702,0.06599440218860592
-1.1011477319720715,0.9006055994744591,0.030311964987074457
-1.103302586065402,0.9167298525176577,0.08648178552644763
-1.1018164797941397,0.8743758237866753,0.038637827052534095
-1.0860802656106594,-0.29585855951901374,0.3364538119236236
-1.082673506566114,0.19025375122877908,0.3947190204896248
-1.067784330660726,0.41897102005757153,0.4400316694107778
-1.0659945194776936,0.6782486484315557,0.29571358491098326
-1.065698818445845,1.0249684591692196,0.432382664275696
-1.0673698386843467,-0.05464742497573385,0.3424357951599498
-1.0715375652268253,0.026810562216021214,0.15169383886549626
-1.0633974930208663,0.46301393317398093,0.45029905311353785
-1.0936428953021957,0.0057467082337191895,0.16687771435904195
-1.0914137358953018,0.06504234845709472,0.14179656693067844
-1.0715582703714925,0.9182600669659213,0.1666048135672146
-1.0796671724958542,-0.09636776417143784,0.457054813028866
-1.0914137358953018,-0.00019771685133101354,0.17742628357020995
-1.0702286095960154,0.6059519345067765,0.2441458538241913
-1.070401050588652,0.8836639879820659,0.14170329563508074
-1.0802751065759675,0.956575180951493,0.2559712940772663
-1.0860097130907107,0.0006804368544150783,0.17386776986178776
-1.0884415233527767,0.0703923310336399,0.12471580696760026
-1.0811967552803718,0.10550159169221734,0.09132631474042098
-1.0409150141673211,0.24673789044842026,0.5048434991625032
-1.0532044180007112,0.8156642666491277,0.3004428626819908
-1.0702938794633208,-0.19226552082531245,0.3637244094391622
-1.0507815612175693,0.9824855787973168,0.3595154283733162
-1.0649673235891015,-0.38881450678648566,0.41429086498462697
-1.0738776818944038,-0.40587500678057986,0.5289670500513407
-1.0644288403970343,0.06418116892554249,0.1490759287792892
-1.056947501988713,0.7086785469117463,0.34224579395200944
-1.0444906525700597,0.8600828837738631,0.2818556766371745
-1.0404670023337075,0.5551522275299429,0.32057006646673336
-1.0572663162400693,-0.22931520259967933,0.33822217302926993
-1.0549469743158593,0.09897129778868859,0.09939492937185854
-1.062682347984226,0.11233355246704933,0.08283801031681888
-1.064663823012576,0.11646162544277869,0.08961616958538937
-1.0234125893359778,0.15699833723937054,0.2948854112595245
-1.0558104239497352,0.3754741388826561,0.3947106870532318
-1.0333780396538486,0.9388230586134904,0.3297148740766877
-1.0603406047689032,0.12078484368645186,0.10779395084745441
-1.0363326084390763,0.007774899532755546,0.298805905974384
-1.0365469089149366,0.7670350986853189,0.3295370785694073
-1.0343274045618394,0.603775722306747,0.242510537591874
-1.0180142238315835,0.6636134048488911,0.30364768829450745
-1.0165742787043246,0.7172924917368811,0.37734472526799073
-1.0475736008930567,-0.1710999380465233,0.3171696002467997
-1.0297900634745711,0.18244112658962347,0.352988549027823
-1.0263128829134727,0.8954397648489176,0.328731255401246
-1.0186482258026919,-0.06279123587433229,0.3715152233641962
-1.009816653910829,0.4363295875117762,0.3989933668761774
-1.0421599280477434,0.6376603248641418,0.23728780483320377
-1.0186136084271769,0.3180473831816489,0.368259808353256
-1.0412824176780455,-0.37692565661638544,0.3544279590997122
-1.038192555055712,-0.36680155764340927,0.31883938529512595
-1.0252402622659371,-0.21799577470765652,0.25769002622567605
-1.0062536894261636,0.38314353575551907,0.2989838082087797
-1.0245389536884872,0.05404516204975194,0.29715580018055293
-1.037170856994219,0.6321405015708808,0.2397076750946359
-1.0180300246436007,1.037991795787813,0.443918827635223
-1.0103051436228234,1.0861218423397812,0.5818882093679761
-1.0271234863341614,-0.28750082707606545,0.21031717388820922
-1.0211314614984623,0.8009058954056187,0.3420769605935286
-1.031102589719897,-0.10620663086805893,0.3658399403892419
-1.01882216915944,0.11412508841512885,0.2679036600527663
-0.9955821206652511,0.8326301044008831,0.37498531108915967
-1.0199258321381097,-0.25853252367246965,0.22858947457331782
-1.0210713723888747,-0.1782827850242923,0.24443348357917627
-1.0251168839050895,-0.11083007260087577,0.3562808924325044
-1.0242603087626256,0.5770616878922127,0.29665531943637574
-0.9863120032168546,0.21667382975684107,0.4299614587740611
-0.997822663119591,0.4873090225190595,0.3834762058882526
-0.9517630127817357,-0.14931876191210317,0.31304522185551786
-0.9900246265426893,-0.0037776835738070435,0.33629322001068546
-0.9612695575703283,0.6598562621160159,0.4673662369052504
-0.9760845032844259,0.9972591115827519,0.4687853558567893
-0.9830527656426316,0.7638123096534021,0.36496153985137725
-1.002795513572064,-0.33572884178515655,0.23897351690045385
-0.98850781177297,-0.18637116609001703,0.17491751453880683
-0.9711802072478596,0.5738089741169208,0.3940292973256374
-1.0015380816264468,0.5193990758100999,0.37178233955635265
-0.9700973427786614,0.8929645729280032,0.4421825164306496
-0.9816653464491311,0.9527856213370991,0.4538132516686259
-0.9763054817056089,0.05194596630916599,0.37589589077214747
-0.9507263957842566,0.0986798655519673,0.46282773742718386
-0.959495993001303,0.331106993651986,0.19829537492661475
-0.9900883083092192,-0.2899208894624693,0.07002190953926901
-0.958877729305503,1.0569474219285095,0.4310688639250647
-0.9888724031781864,-0.3003911836463645,0.08655749147133868
-0.9763374198466674,0.29460053804585806,0.31315072284443446
-0.9859001906356613,-0.2959328648325768,0.06913535808564289
-0.9859001906356613,-0.28998843974752675,0.0646104386793138
-0.9619268669646363,0.25806452002450164,0.3519524258361715
-0.9818664736136629,0.352115619885839,0.19811695323643824
-0.9607493720405981,0.5022654845529724,0.3641573215060397
-0.9529086314136329,1.089453183601194,0.4953638024444319
-0.9731196767028034,-0.2727496070008812,0.12646514167474066
-0.966947964776266,-0.20784173015309076,0.17148892882279326
-0.9741764633845901,0.3525873996544937,0.17517172725559532
-0.9609612424913255,0.4460135701252338,0.36599472079175976
-0.9696555117394465,-0.30344026375464456,0.13545216810227884
-0.9642840994172971,-0.05538629974321716,0.38986671349957264
-0.959742641791131,0.15987047785581118,0.40417253890479166
-0.9319152043629971,0.8407337304094605,0.42057921226790174
-0.9662092825414325,-0.18336031478443934,0.15641674935423922
-0.9537806673577134,0.6183659788207353,0.44324117019600495
-0.963608596566723,-0.18819016016604256,0.1527426300185402
-0.9606363840241982,-0.18150268194536104,0.16742462632379654
-0.9425994836309177,0.7507324964918006,0.3897629249960373
-0.9326877086809675,0.8028631328843495,0.39156675052041456
-0.9502336401253604,-0.08490577431329592,0.44975227991957056
-0.9564257495889542,0.366994374339789,0.16755405942549947
-0.9204454414621014,0.20846265194585928,0.36614357686193183
-0.9519055096805306,0.37346512872924464,0.1730797564558222
-0.9509766932609915,-0.003912982529487246,0.3208642269712521
-0.9265892580258533,0.2747339038946023,0.259498933781829
-0.9208380467008884,0.7688571362908014,0.405481468392004
-0.9148081921709563,0.9537193493799286,0.4138880271658997
-0.9345281988495174,0.022673683831016436,0.34785673767495157
-0.9262323662753238,0.7219556794045887,0.45144138407959755
-0.9315965716962434,0.5283357760563981,0.3762794892589972
-0.9436430818788916,-0.2740612573185606,0.21827174716129505
-0.9431003300233002,-0.0018324337497197714,0.3282573771693866
-0.9298268637663161,0.37709566822669194,0.2052277345348514
-0.9207111897717988,0.4078301087415043,0.2695652975005775
-0.8942470631993293,0.614283808883577,0.45454702685962317
-0.9353018104474367,-0.2140201024998916,0.20472223395055975
-0.9281897304349659,-0.2476344110165442,0.25633367048024797
-0.9246986842994912,0.13969702735416786,0.4280265808689681
-0.9163303405213444,0.8902778155615506,0.4188550118857755
-0.9144595424506915,0.45683373514408443,0.3585838419472719
-0.8984537314201426,0.5594743118110658,0.36273762285770234
-0.8770798486810731,-0.09362238227703501,0.5251545679049027
-0.9100764641432008,1.0563961505951327,0.33874929538287074
-0.8801761577262119,0.061671372879504756,0.487787346161291
-0.9145195687749896,0.31067929880658757,0.24572463136100187
-0.8828701384065198,0.7136213894999908,0.5164605362861253
-0.9031227444457384,0.35256344208811663,0.26545957906792944
-0.8881608506095505,0.5048489847401213,0.37966434716277286
-0.8930007628354207,-0.019013166065015276,0.3822972692141377
-0.8759811976507301,0.9933743545096856,0.36836352416962964
-0.8684279740931353,0.818297432097332,0.5259717536794805
-0.8913969900159738,1.0352739181297486,0.3203522411403641
-0.8830616366642933,1.0796990969029197,0.29327181682580616
-0.8490401898166426,0.15867902827462915,0.41260392397416795
-0.8868767943650036,0.39836484402504324,0.2662592477157098
-0.8717723633429826,0.23578939847924163,0.3279516595883888
-0.8982199206311712,0.2772583239933856,0.24378026490965252
-0.8894448169341924,-0.23956697697254753,0.2639673129512138
-0.8838716692375027,-0.21213530910018832,0.2471883556066824
-0.8907893892748585,0.2796360940274057,0.24493555294885122
-0.8810098512317115,-0.19041931957293634,0.2894059303051344
-0.8724406491669983,0.9072118392285875,0.3512419152948392
-0.8847520825478544,0.1670821203076589,0.3781461924496692
-0.862049784346485,0.3361377135976542,0.31217736822473163
-0.8505847171080411,0.4759273236273201,0.39666966237438583
-0.8724416926181173,-0.22437113207793447,0.2741241706279698
-0.8686433729631053,0.2867026809907563,0.27820686053674515
-0.8555325882302965,0.8756417661658994,0.3998009481380853
-0.868307768502382,0.9492414725012619,0.3194896319435575
-0.8762585724002916,0.16054944482356734,0.38724518056832674
-0.8645079229341611,-0.24805439757146622,0.36863289729941584
-0.8659855679378338,0.4326625797882687,0.30308243871809193
-0.8271475400090363,1.0109353747171161,0.32666895924869227
-0.8537694970304971,0.011384918337803288,0.4106242670545845
-0.8586052071912474,1.0605272697802703,0.2001078464165809
-0.8390995487668625,0.6827403647214961,0.5250403159065486
-0.7909947386024807,-0.20331227941946994,0.5434145536176641
-0.850525984620398,1.0908435745532898,0.2411423883693208
-0.8520218303451896,-0.1658985660971044,0.3661491561977283
-0.8602746738382676,0.551593541668451,0.3597515593296377
-0.8568791461760497,0.5724260495801496,0.3762712317877503
-0.7957879444436271,0.7310583791290693,0.5989942687962122
-0.8173920362012235,0.29761138361552786,0.3924658062842119
-0.8507788358177901,-0.027519209069157707,0.4652971137107793
-0.8425124732308732,0.4046800909795232,0.3068088687485518
-0.8287058786529891,0.4345289714894451,0.35222425772109395
-0.8396468355258925,0.9484798175347297,0.3260185698303383
-0.8331810115729122,0.6089172703817802,0.3961407839910615
-0.8278585044802409,0.9167216870985849,0.3655134649897427
-0.8410468887990142,-0.13520906960848444,0.44142568096858326
-0.8317651783787138,0.22648752974425282,0.3867145938015727
-0.8357941980090401,0.3757478180543982,0.32559863474619
-0.8084552757102293,0.5525655543015797,0.40237745291260574
-0.782912661527419,0.11731621252555766,0.5067513145654959
-0.8312389879764096,1.0763066374587777,0.16795505333756736
-0.8213857170342072,0.021738382753093245,0.43781609633936336
-0.7974747839575622,0.8567214624429532,0.5119067563413517
-0.8158352124101942,0.0602930877113275,0.48317701216544356
-0.7759657284716549,-0.07600669776425834,0.5596895469977043
-0.8039161146639622,0.6600443149708579,0.45756231746092824
-0.80099512521146,-0.1443137401911446,0.4641633359474993
-0.8006374355761506,0.35399352451185156,0.3697826774165232
-0.7948629807685481,0.9457439508810107,0.4147025781094909
-0.8135118631692064,1.091718865958822,0.23364242849874836
-0.8141310741155658,1.056052315448521,0.17510805947472854
-0.8033409940077287,0.2090059950514364,0.423491176782369
-0.7841917302816559,0.45464180440271534,0.4390210323646401
-0.8051356278220902,1.0573019957220824,0.19064846005260883
-0.7789996987803325,1.0398171941596883,0.2925205069639087
-0.7915952678789981,1.0833820875539122,0.2551605993550866
-0.7508163602808958,0.05971559812812075,0.464197012911221
-0.777667380879378,0.27186373316788875,0.4281203016120802
-0.7587376648844085,0.19316085373850908,0.38064129242095546
-0.7706491555392987,-0.004605688606863274,0.4785150544129362
-0.7688883282547346,0.6119755188516561,0.4273168856308458
-0.7690265350155022,0.5152797497744638,0.44454021824064743
-0.7640470863008842,0.5555566160334968,0.4162644331455448
-0.716842770348014,0.7940700532784062,0.36100167028263
-0.7604009545768725,0.9670645881181436,0.4583354563211338
-0.7300344986107112,1.0230948945774672,0.4475305878365261
-0.7581470718034697,0.3382727634436555,0.3871159353787447
-0.7657572936070894,0.14780774328817214,0.4803662713072682
-0.7633557765140956,-0.12614522334083147,0.5374144974357286
-0.7628985130460147,0.3751584325094812,0.39116375293209765
-0.7474329491493303,0.421295531918176,0.445433690987863
-0.7581634661882818,0.6609347167389531,0.4477454672216688
-0.7453192131369327,0.8360709885580948,0.4078360326980712
-0.7393971524144175,0.8788192517560612,0.4160392782806613
-0.7327166202552937,1.085272711641707,0.5201393883341833
-0.7266794270650956,0.7445517714222982,0.4653956452819643
-0.7217397313554409,0.48062429044837635,0.4285906642786744
-0.7246940797225154,0.6145690879145947,0.4735504575301976
-0.7240622177037679,0.2459790636045333,0.2103057387887548
-0.7204071349797718,0.6890984478117071,0.4536066885497874
-0.7223337024956453,-0.003932873053194554,0.3758568960684324
-0.7226856995030905,0.5324460289364177,0.4077909712700554
-0.7176210285897118,0.9402013577701166,0.4544592399551493
-0.7070355580328342,0.14175505543506434,0.40808690447642626
-0.6525148718547187,-0.26341271273447914,0.6591686907594678
-0.7073155123254722,-0.15803157470076315,0.5245815833350654
-0.7110631075640712,0.3066442483277606,0.30282782159339466
-0.7194772077289731,0.3727688366961145,0.45081170018265004
-0.6734979723205665,0.33103493092683406,0.3593185087344142
-0.6861599092973418,-0.08431834335336658,0.4261778546742383
-0.6935274298164225,0.05772600055560087,0.3904766490593271
-0.6790811667145823,0.5690912819920431,0.5100048380997723
-0.6914176179401939,0.8732824741728177,0.2320365109520344
-0.6633539322958557,0.9069874624627838,0.31350902354051363
-0.6857663850412988,0.4706755975727569,0.45987203734410204
-0.649326648690639,0.6581371957701915,0.5120884094235943
-0.6975955740107281,0.21412003755431705,0.15110283076808645
-0.6979258198487864,0.2229659082165941,0.12299268342761444
-0.6624473384942189,0.519190350951094,0.4925158967247623
-0.6624162464197824,0.7352698619492871,0.3715079001395394
-0.6705838071625853,0.9777741331178827,0.4418016543350262
-0.6560562634386105,1.0623908981613552,0.47542104326449924
-0.6975955740107281,0.271016677654083,0.15697195408581444
-0.6904127270329591,0.2757226808464144,0.16226626794164475
-0.6961094677394656,0.219002958159894,0.12961266629135762
-0.6906405966612194,-0.009560186360284844,0.29793105007062737
-0.670336259261649,0.08438404262724075,0.3924323557233044
-0.6710290729779368,0.19079515621358792,0.245375052072034
-0.6580961024993554,-0.05403666678283261,0.2689305105877951
-0.679354027801934,0.23549710468709373,0.1159054122183898
-0.6645647591513455,1.014484801451669,0.4495115759133036
-0.6756540722845392,-0.1791949303798908,0.46838405573308434
-0.6689062538103928,0.695139044716603,0.455453058091049
-0.6652340969498639,0.12641719256768463,0.35511677561111005
-0.6368751654203609,0.4115101182272197,0.4592431081967729
-0.678276192484315,0.8421768545759867,0.13835483488577782
-0.6827345112981027,0.27844720901039566,0.17505884559837115
-0.6191720881830731,0.568385728581018,0.595247710290206
-0.6607374608144598,0.014625412217733853,0.2663510838097843
-0.6720015215612065,0.8071707957418023,0.16779278813633758
-0.6420776639785274,-0.15460003989618915,0.32348286300620194
-0.6635364445693437,0.8260015482221085,0.1116797824054586
-0.6684678910939822,0.8128510241564059,0.1418166219934224
-0.6555176991270875,0.23012313267244497,0.20828167188864688
-0.6301513666622868,0.17333692876908768,0.36040026437920153
-0.6625751566618454,0.8548626023118363,0.11552722439686593
-0.661929023500427,-0.017287938970850108,0.20313143379066595
-0.661929023500427,-0.012086567021431228,0.20781849218817577
-0.6444947029489713,0.4564109284609835,0.48576668593016276
-0.6574707046866395,0.8617439204809436,0.13589972043299203
-0.6292526522751362,0.35676937285767824,0.4197855104721918
-0.6290727511941274,0.9235300698347795,0.3747476221563453
-0.5986586787074716,0.9573618451117137,0.4619436260646944
-0.6455818545165392,0.8446536983614243,0.11286189378308546
-0.6385660504917415,-0.10517557264109766,0.27692118279490446
-0.6133165245855615,0.7072687815313957,0.40445579335783466
-0.6217744320509132,-0.1366604867144934,0.27634768815194266
-0.6126748310497963,0.06884430366774134,0.3350479840885159
-0.6308818732528966,0.2699410692689385,0.2941963460747704
-0.6396374294314889,0.7737451991326114,0.2677523682777925
-0.6074350438845447,1.0151951544480067,0.3827333766307376
-0.6171205845044296,0.11089353410849184,0.291177485416357
-0.614539349479161,0.30217057274104403,0.31078849411765036
-0.6224006185981377,0.140916666736548,0.328417610736527
-0.6151054175748142,-0.051892448888304556,0.22305213084759204
-0.6196948420493852,-0.242576855803054,0.4549424626858203
-0.5798381488151196,0.7614178062113292,0.3105933253879051
-0.6127291904569097,0.7851086945433794,0.22944631284520617
-0.6038050736760471,1.0556531546731822,0.38002226832768293
-0.6016464562917773,-0.09203781423905569,0.24615030928579382
-0.588544049544666,0.035580243190388015,0.3029797592319531
-0.6128462358190059,0.8249215095374383,0.1579458952691802
-0.6127798276885267,1.0886981934291904,0.5061281953431409
-0.6028189687970514,0.8752077588763295,0.2398266237245852
-0.5996040128010164,-0.11428495213748605,0.24756921088344547
-0.5762821242988392,0.6468634002084003,0.5160441868502771
-0.6061257330145187,-0.0018324337497197714,0.21139347330560906
-0.5939289046962202,0.2565925103263278,0.3479951285958673
-0.6054569851924504,0.8342509544625866,0.16376592583791327
-0.6049616164353627,-0.018278676485025076,0.19636163719892355
-0.574721881206788,0.13103759838091703,0.31101565978539697
-0.5604217964301826,0.20649050415068299,0.4704821744032073
-0.5718183920335504,0.3628883251314101,0.354597115082205
-0.6005740645868736,-0.012086567021431228,0.2034898201852531
-0.5868430866993053,0.3202460351175637,0.31769796872021894
-0.596726110848783,-0.19933595720051164,0.3236511677251698
-0.5899314034154393,-0.15719940743605543,0.2571932124115989
-0.5987019566867118,0.8147964723660587,0.17906859156945568
-0.5714504470064321,1.0839515892452976,0.4526055396502984
-0.5764309163797225,0.8914723967876953,0.3375202464393387
-0.5918166526312192,-0.2653615358237475,0.47362295121028825
-0.5752318108743433,0.42900859062192453,0.31678675801804873
-0.5048222600865105,-0.4280877891393428,0.8245500363740546
-0.5764132025696977,-0.04079787241532785,0.24757641850798107
-0.5677449513312545,0.46896380660981707,0.35946343862143454
-0.5698831232229766,-1.1510368685080299,0.652418033256511
-0.5733138735864188,-1.0389749759366131,0.8144293189811777
-0.5694405020579176,-0.9043782152154736,0.47969368636911325
-0.5767714321129912,0.09789323000362246,0.27725628070082503
-0.5687605891082043,-0.09314193170087183,0.2916234432056662
-0.5241139482108254,0.14495814907771976,0.40558698792857306
-0.5658376741726678,0.7138669407544267,0.42915786447051085
-0.5566222230526288,1.0524260933279401,0.3830771984009401
-0.5599499653385389,0.5368794944778303,0.4610972349622918
-0.5638962795766769,0.40001258712390564,0.334700192888235
-0.533785695325659,0.801764203957309,0.38535908043422046
-0.5763163796124763,0.8496935370204883,0.2266146536425384
-0.5395239158222264,0.5990521369034124,0.49926281760850905
-0.5456742462105328,-1.3195253378013996,0.6279259203645434
-0.5597415256098026,0.27589959825966,0.3299415229511682
-0.5652650013915952,0.801690845448344,0.26961714329484676
-0.5197472790102073,0.4926145446461917,0.289287017607033
-0.5504816178922621,0.0787807318349369,0.30347153636053764
-0.516580912303021,0.9543297000475145,0.5136675713290976
-0.5364893836036287,-0.13367460121518696,0.3321983979360652
-0.5519411367178747,0.31016015604431874,0.34791687098093527
-0.5563117964079078,-0.19482579747028453,0.25460258867980795
-0.5526259072490671,0.4482666956365254,0.3137642484881682
-0.5149932545003798,0.7422960841164553,0.4274018927461317
-0.530727362666356,0.6819117379467783,0.4643979418905886
-0.537890904794775,0.8707973390339834,0.37007348041255056
-0.5216879030796134,-1.4149853998498265,0.7161092284719452
-0.5486134203166582,-0.8318599389066311,0.14610618470249395
-0.5320370115356075,0.0437056567156486,0.35037164793594616
-0.5374191632950829,0.10884719464821578,0.34897732937363624
-0.5409175128404772,-0.23733781756565375,0.3315535720145269
-0.5460127343419487,-0.1746029028287851,0.2433162705063645
-0.5408882299582848,-0.05967783923251825,0.35895141095586197
-0.5372909958974901,-0.00418096890627232,0.31663233390910717
-0.540747931027293,1.0138523343188277,0.3958876158580534
-0.5449512298624757,-0.8406969636982459,0.10254498768344072
-0.5270713407149655,0.2531543264066686,0.436430690831252
-0.5207615814262674,0.3972935317254597,0.38093855468286536
-0.5401277535077491,-0.8080153637842237,0.2321764151524966
-0.5405636780139862,-0.8430676570357362,0.0838561804038722
-0.5233321218705522,0.44694255375872216,0.27465592961685903
-0.5181866755386535,-1.1418604259659015,0.44315750910574725
-0.5298141759851871,-1.0681773736493623,0.5674695955164611
-0.5289662212304078,-0.8544902777874012,0.06792446715262979
-0.532591337079609,-0.30164508581274224,0.4774077827488447
-0.5282038214846878,-0.1793709721300256,0.256520653454845
-0.5108411195740875,0.3225991145590595,0.45491379987651187
-0.46796544149753433,0.864445625372347,0.5507235390956541
-0.5052210555952762,1.08052590120357,0.42501192059741477
-0.5217865949163846,-1.2744764859712983,0.5843901421523504
-0.5281794590867983,-1.0137221938523848,0.679561437444844
-0.530666412438707,-0.872375290235669,0.13976943576551756
-0.5112599708592849,-0.20535973747480393,0.28400117727366625
-0.5068434174614382,0.9052562787728914,0.5138698095882991
-0.496318177873899,0.649844004165724,0.5123751684517611
-0.5016171130150087,1.039918993240837,0.3647438403303711
-0.5212993374605828,-0.8418017146565125,0.057855282710979276
-0.5161191351161676,-1.380390337319662,0.5422583034295597
-0.5241122208707114,-1.2136034873371966,0.5302099505295467
-0.5121390308991141,0.5351152145510137,0.34670075018322205
-0.49717012545184275,0.5758636085308477,0.45482001498257596
-0.4736715323662017,0.7087112334911626,0.4654143030500841
-0.5222350340017481,-1.2069160091165152,0.5141228744247603
-0.49340659769703493,-0.25990554746766786,0.38927770928668687
-0.48562873981991345,0.17190650206326494,0.39453931281362237
-0.47641289810198406,0.24102635895270172,0.4713453098586088
-0.5052716746127026,-0.840608936497509,0.09485983458885767
-0.4984573336615475,-1.0924858262292996,0.4671879837525245
-0.49283368014870954,-0.346363028463945,0.4541981199792641
-0.49627898130666254,-0.3068309774885022,0.4038786612931777
-0.4909009203622572,-0.17210874195066272,0.3358455894460574
-0.493270251195506,-0.024132601508684404,0.333606159035884
-0.4612108981197884,0.7699072418549281,0.4130606305387539
-0.4891154266293028,0.04186189459949563,0.37835341388698374
-0.4583282986576513,0.4429249105227441,0.3638635113575106
-0.4927787162022514,-1.1759554617985457,0.46688491973787755
-0.49447840396752196,-0.8420769195215612,0.12896451392663333
-0.4791018314965967,0.008930484516250418,0.34394948899795097
-0.46289979634050826,0.37043243123397646,0.5379917847278174
-0.4781821700776086,0.9897228383654365,0.4305650245791777
-0.47562070325565553,0.5087779965571847,0.2868977141263656
-0.48582543035581577,-1.3793043365829702,0.44266389417390534
-0.48092127966064946,-0.7814437836540494,0.40228066655619404
-0.45481148999816007,0.089686499180201,0.3887777178610132
-0.47129820310992326,-0.9162171101656591,0.37023649534058733
-0.44778091139944265,0.5476358164624592,0.42591547858118184
-0.4632221569014375,-1.2894186090259923,0.5535926863566226
-0.4798810052707657,-0.8792295763031247,0.15712863150980783
-0.47927305270524917,-0.8738255534985337,0.1474259439384951
-0.4675717434581371,-0.6261515445160791,0.37264623779175177
-0.4605585908744113,-1.36916545236903,0.41459806251141595
-0.4724504739144529,-0.8844309482525435,0.20384272090411798
-0.4683106064445072,-0.7134225766094039,0.6142336324591917
-0.4648806200952093,-0.3536949259454689,0.4206250735796451
-0.44583399901506304,-0.1623316401060066,0.32792599158006935
-0.46491768753947527,-0.07194665494783667,0.35664244859074845
-0.4582386809319907,-0.028383237248528734,0.3242613434347031
-0.4748211672519432,0.47900078866554086,0.27494835307065474
-0.42489703483155855,0.6365250643184073,0.6108252558555943
-0.4703864374265882,0.47279688470773057,0.2886233697846843
-0.46050533184013814,-1.0934653053626315,0.47961633820281874
-0.44082092342969503,0.1787642780462539,0.35294955897230323
-0.45294305445167604,1.0411503089916874,0.25398386291938424
-0.46650604882940266,-0.6102443412046046,0.3146328271563368
-0.45532520211872457,-1.3405814543072425,0.428195428817605
-0.4652676269366839,-0.6013277035770292,0.2903340012259574
-0.4558337660480322,-0.22390041968432176,0.3681737071170711
-0.43929252159709514,-0.571059402342682,0.19498988019866687
-0.4477697429929894,0.8034174067834737,0.4258186828919334
-0.44685454506812416,-0.8432083867962723,0.2858943597092707
-0.44071464686884815,-0.30497932958793894,0.3138932249142462
-0.4465747411912933,-0.8077653482585878,0.3648247241579391
-0.41415076213451224,0.9532203616625985,0.5417235262617699
-0.4391396127272968,-0.9671157675438664,0.6371386328197234
-0.4057987967203727,-0.8012373578685448,0.4890354396006503
-0.4501588798455147,-0.4007033569565861,0.5695860931677
-0.4208118648456469,0.04588830222645541,0.3497661486609191
-0.4247319640091569,0.49114888757192876,0.3757403583427574
-0.43095739973914654,1.0748301730107743,0.24994529969475413
-0.44685834149887355,1.0921422334430766,0.3481886548584845
-0.4339282174508373,0.21248376723473897,0.38911216635357915
-0.4328752603345299,-1.1592995355756512,0.504784374148118
-0.43296809414372966,-0.09853213971032344,0.2715631266647528
-0.44231554119162914,0.1344600236169582,0.3262730776207347
-0.4254482350127994,-1.1014808972434136,0.47927923062128835
-0.4404991890823083,-0.5418834527265275,0.23386327865693804
-0.43845579295932224,0.13856745622780892,0.3145626760808719
-0.42025951238791154,0.7323640538649263,0.4201160632836226
-0.4332250899650758,-0.5416488043679072,0.19775053618373833
-0.41824269988591967,0.8354211168809037,0.5293544535306771
-0.43264405593420624,-0.616259533254953,0.24878235501080784
-0.4163892292099147,-0.2931841723389814,0.24882122676410562
-0.4316968673217532,-0.051639857010419024,0.29981834446788025
-0.4197461996039979,1.0274972680460823,0.24247436220204363
-0.41993519355371295,-1.4282901145494615,0.5461056062488716
-0.40324178472215355,-1.3330468238685502,0.45015151536955117
-0.41326060161488815,-0.2281978814732524,0.3140015219942512
-0.42027522112990945,-0.12157383122379561,0.2600799165866008
-0.40583130198629574,0.2489390828882067,0.3840276262969129
-0.4139921974170004,0.32555963570609375,0.40893942203091094
-0.4110202446832639,0.7601888219256661,0.37784908662307415
-0.4102432785473794,-0.18304034700562657,0.30686628035193747
-0.41343823070094626,-0.9977379112835726,0.6493538234194907
-0.40678417373042336,-0.026874140962400952,0.34962856707590656
-0.3820885745900321,0.13039607312391457,0.2517914437269634
-0.4053557479794917,0.2856399633633065,0.3664417287566087
-0.41845527939191374,1.0539469982308989,0.2065832478836859
-0.4069867421066151,-0.7096933719835373,0.4622666529376913
-0.3902780852778296,-0.5151056753512158,0.16322591483876636
-0.40144818422135786,0.38828165914778257,0.47629255262061626
-0.3434239296885978,0.8973141976745104,0.6468109599403213
-0.38983550890464536,0.5510350293401812,0.45670294088455343
-0.415235382470845,1.0541946826094428,0.20890131022827252
-0.40186042602948213,-0.6295637227310177,0.2902034922998332
-0.4104674581838777,-0.13586683519867385,0.2701291659808982
-0.3792879110551244,0.4321855097003876,0.4770590392019096
-0.3650884242326339,0.2184643815628147,0.39880602299696344
-0.36686211709762917,0.7044512152710644,0.4923829048362764
-0.3677775913977516,1.0356146938583868,0.34031297181623704
-0.40003656833293266,-0.2718849633521466,0.2078204900217094
-0.38551699098094916,-0.34516480248734227,0.33496653624405653
-0.3704411241669053,0.8112292299212455,0.4954917661947573
-0.3945818828145486,0.9831993330141273,0.42218987043577655
-0.39918543474120965,-0.5409917889637701,0.07880938577699033
-0.34922769533440035,0.4765991062456655,0.4106885521827941
-0.3854034241537513,-0.06417537634983941,0.2938620284424834
-0.3619090664745317,0.019145191423439782,0.3118366195325173
-0.3953215584359269,1.0821334805091787,0.33178995520388493
-0.3751606066165744,0.7483276665291152,0.4348608017806702
-0.382462828383529,-0.6801695520734842,0.3723363271972074
-0.39591600094443197,-0.5508000903541028,0.06562385276286894
-0.37894188087735514,-0.24965458672904184,0.245137335816209
-0.37016713233805737,-0.19679372989251956,0.34442443794561217
-0.38997157585938175,-0.12131537795922807,0.2763434386159736
-0.3846650890761419,0.09646080982124992,0.20509726365248795
-0.3916325181625576,-0.5560451713115001,0.06927531083878184
-0.3915358982501845,0.06045888385204274,0.21344027634485502
-0.35590022588169207,0.2777611273223576,0.27921555647231644
-0.3323053299252373,0.6489024961256555,0.5107169606763303
-0.33295507819676856,1.0784484129864844,0.46299610253070844
-0.380632748950198,-0.5877669838517585,0.16873654783065245
-0.33262602470493796,0.40302183429539595,0.3555735366364915
-0.369515340854473,-1.3635647961824162,0.31511298418807465
-0.377852483872607,-0.28009850716764556,0.18844926698590508
-0.38532749376168646,0.06314756296123498,0.18416054246201793
-0.3791442301687546,-1.1509747230482752,0.4974850549321097
-0.36038792851849866,-0.7792619094466957,0.5634394199674203
-0.3751105131467564,-0.6072721286620795,0.24670490909769885
-0.37826848897318927,-0.5691906554609768,0.09628479050280549
-0.36477786860033656,-0.43326684279984834,0.41582709795739337
-0.37143139599952263,0.3083781926143105,0.25422835341623096
-0.3765258524527208,-0.305167953803994,0.20503009904624792
-0.3734121059795992,-1.0911058704059842,0.4466507608211284
-0.37325288030767834,-0.7540251229492555,0.483480928479808
-0.37104988474358835,-0.5404182775295082,0.05610279266822052
-0.35771851465797705,-1.330524748744249,0.35306437258178697
-0.36203113585326885,-1.4215434178675568,0.35520039310987683
-0.36643985172959714,-0.09646153169845793,0.301655925680086
-0.3577206335331957,-0.912664531166743,0.6670677634705829
-0.35195473562567275,0.3475746535213382,0.28388393547835106
-0.3706521943329687,-0.3085647681383085,0.21816304539399972
-0.3461524526424631,-0.3724138532581307,0.33968542075293673
-0.36326960188863233,0.15385397678422338,0.31327290237969196
-0.35197998811823455,0.5746564195656286,0.44181959704212254
-0.355076657451467,0.518160437410057,0.4041302223096145
-0.34859200089450393,-1.1614920653545857,0.5060317333881987
-0.33933508189639405,-0.28235925895588937,0.3092852461895022
-0.3360790797377024,0.9764353801821107,0.5216180830250505
-0.35720293257804275,-0.5283598856580384,0.10541796797676682
-0.3617355567053936,0.15807260103812973,0.32617370181467553
-0.3442468256416252,0.30983809063969014,0.21208213170022583
-0.35380965659199326,-0.5400120596441971,0.08898892072854397
-0.35571291550080325,-0.45561107287376007,0.38276809404219886
-0.3397439106912056,-0.6379213662565583,0.3661323096908972
-0.347089871713241,-0.04866847284374174,0.3452585856617499
-0.3476175471283994,0.0963991907807343,0.1471390604292974
-0.3080040789716343,0.5339750352720535,0.39489443813266195
-0.34644989220097866,-0.5349836736099516,0.12963183774743015
-0.3318058745383462,-0.4311228730342729,0.3844296543435302
-0.3427539266042675,-0.17282247031548664,0.38059147151408285
-0.3186342728417828,0.7445817392128627,0.35897244081132623
-0.3457599142893213,-1.407911882304774,0.2611037658612936
-0.3230879477819051,-1.3669348607735528,0.20813989654176812
-0.3424161751789805,-1.0709372852959926,0.44556802734434425
-0.34249048049254355,-0.39639364876992483,0.34376471381616625
-0.3453883877215056,0.08896865942442164,0.14500609644377768
-0.33944396263645543,-1.4082834088725897,0.25611082184906786
-0.3388070599487714,-1.0306425752551882,0.4898639186117561
-0.33848236446093255,-0.6837628926241222,0.415344143115254
-0.33269456332113817,-1.2332118339719107,0.5730259080119162
-0.3162919912525758,-0.5305812234529784,0.3195916941778888
-0.3255277092088711,-0.20470956000918275,0.4308580930484645
-0.3339048392617495,-0.015666732129472883,0.42014500505566416
-0.33710865278161434,0.06784472028290402,0.17757974283267602
-0.33795785636519277,0.07782286238995256,0.15980703402800797
-0.32313826638571896,0.5685420652830359,0.41067018616876966
-0.29505979820641715,0.8064749429352052,0.49271472179688103
-0.31357649085415484,-1.4108217370735754,0.27583649590888365
-0.3318276679962348,-0.6769333601275112,0.42650774763203236
-0.3277249531830708,0.06814194153715643,0.21236677694070424
-0.29508940623261953,1.0344970708069625,0.4373898344338318
-0.31423307375571957,-1.3223847024692572,0.3250374977396972
-0.2765473726019439,-0.4515853493672751,0.425204358610841
-0.31546912575006697,-0.10777361367109096,0.3770375220341711
-0.312606631737773,0.2011696829047436,0.3205049732605644
-0.3071716054617539,0.2796911350004157,0.2509348141200026
-0.312100805718024,-0.05790418214269496,0.4015281542147762
-0.3181431060816922,-0.8876508451736124,0.7647443761942042
-0.30749925349577656,-0.5838363642780985,0.40750055760784176
-0.30976487117658863,-0.35874810963816234,0.38779367545257915
-0.29924320703468515,-1.1920897276144937,0.6688809468050729
-0.3156662622962548,0.32421928216528184,0.21349446420556362
-0.3086072575077576,0.34662233420456484,0.23886716739821956
-0.30688472523879423,-1.2421097076314145,0.5787498266813222
-0.3097218372112046,-0.2587802080510133,0.44724391852703177
-0.28304864491992054,0.8509391038528824,0.5651573741446534
-0.29512615061844744,-0.9711877093598917,0.6418984703225101
-0.27446289535801616,0.6059869344277438,0.4242677264857529
-0.3062923612005988,0.32005818460574686,0.21797806658610058
-0.3008051995836293,-0.1339472812649598,0.3595116815840969
-0.28867358591667824,0.4747838273824055,0.31534346517078227
-0.28707077200880465,-1.3727001504541885,0.2514587926742852
-0.29699179481208776,-1.0107920409213107,0.5790784387517343
-0.2796875045861086,0.20338427264231113,0.15303835518166897
-0.27869271278516905,1.0872714388033742,0.5046126781511672
-0.2920028778230742,-1.3280908281579227,0.3147876257922123
-0.29170279867214627,-1.3197672040905144,0.34572705403036547
-0.29529422216103063,-1.1001021208695199,0.5763034193932196
-0.2929869883304655,-1.0468365183750827,0.5829398529430679
-0.2810921475217825,0.9874576850900302,0.5310674983856091
-0.2473842396332194,0.9243445184073501,0.6218673470559066
-0.2893164549480995,0.44254763611788656,0.21822600372025758
-0.28120855942451795,-1.404013625929037,0.33386487463233755
-0.2889163494135289,-0.8740282043537059,0.8581954557250802
-0.26679013347678693,0.1059026910857556,0.4292262134646704
-0.2843564164957234,0.23343216093044303,0.12452033780216223
-0.27008855520330965,0.30599122448081906,0.23870596832853158
-0.2739372125040088,0.6616468362224969,0.24575693690820552
-0.27354522480271587,0.7222073574940513,0.13273918978646845
-0.2680846480723981,0.755158644579273,0.2608832838257057
-0.2731314909106592,-0.37612235592921645,0.39655183784636605
-0.2688408787315613,0.25637722728015483,0.10503457981467647
-0.2591853118067412,0.5571422658932674,0.4755311887341701
-0.28222887119284756,0.4419188988492755,0.20207733638381103
-0.275541392972166,-0.7439939056182333,0.8290506846492833
-0.26885820985631487,1.0651901509748536,0.42018695193783684
-0.2709116003578481,0.3912769697593287,0.22325547668824325
-0.2747983398365349,0.3973357107113991,0.2110264350348786
-0.25798676264287723,0.42608680078895017,0.16899194295535433
-0.2635879294859238,-0.3234516761773905,0.4875448527549192
-0.25404110224247156,0.03825287040740679,0.3188018597158839
-0.22731406092390113,0.16352526990032812,0.3033415746662194
-0.20275427382299518,0.9919034789541606,0.5383612136632958
-0.20489224959661714,0.5210506670691365,0.44953818352778063
-0.24931682338915429,0.36870213446573535,0.2505120843087637
-0.26471404728153886,0.7087811249888488,0.07638052950117025
-0.2646432803162408,0.7044643401056578,0.0813414354306405
-0.2496899430312168,-0.06670825732499268,0.41410687205092117
-0.23541129087951657,0.6374238535610852,0.3458187663354832
-0.2453937007510538,0.6889638013611559,0.1263228631940915
-0.23866946696575508,0.8333243465893555,0.5106052226816962
-0.2558504848779375,0.23683623341504462,0.022907524544912485
-0.2569650645813843,0.7079319214052704,0.0734092223254462
-0.2569650645813843,0.7109041339477957,0.0747289079756754
-0.240556738960819,1.0693401236826185,0.4442307041313188
-0.24626801336215912,-1.3813586599579508,0.4913980891479187
-0.2504693420086077,-0.5016147666665103,0.5759038993387618
-0.23029924491066875,0.7251007224278159,0.19646605013200555
-0.19893230378768853,0.8116608955358218,0.4736111835750471
-0.21709505889318842,-0.0247776992002928,0.3449160899718026
-0.2482669719937005,0.19618685599521626,0.12199469971061908
-0.25250674576759674,0.22643348951620668,0.016951604357530573
-0.24866763790016846,0.2295295442480038,0.017050154442170524
-0.24730537381817785,0.23683623341504462,0.020930981281488854
-0.2448706890758965,0.2546378893878277,0.0671753498847571
-0.22908706193820022,0.26765267345822513,0.12350086483076726
-0.2428470550043901,-0.46237676721398147,0.5562617471518492
-0.2458192675469152,-0.13320422812932847,0.1624644320977133
-0.24383779251856508,-0.15648655971244163,0.11119933743737272
-0.2326012941623759,0.06462582007965641,0.24860234504268244
-0.2435901081400214,0.44637721766306304,0.19712866007714275
-0.2346734705124461,-0.15500045344117896,0.09772282697407303
-0.24037021121895266,0.19572062657678088,0.13295184524801484
-0.23239477422984356,0.31290010606583235,0.11179066386899765
-0.22872904542739592,-0.18075962880972993,0.17795686651494186
-0.2386364205691462,-0.1635455645009386,0.11025859496972462
-0.2241398605389749,-0.06697712208849715,0.40708266598395965
-0.23649266956864695,0.4555500805098212,0.2394077245836966
-0.20919679987273837,0.6685185698052217,0.3243660597016252
-0.23070447937334262,-0.4282506927165747,0.5217190355592722
-0.223291563135814,0.04343408549606425,0.2045480496351875
-0.21636387914471159,0.37637780175769664,0.19026443355699604
-0.1934020239814623,0.573582403801987,0.48015922597332433
-0.19176049497279757,0.8870143549201774,0.517098032868052
-0.2192075971080279,-0.343678348873256,0.5711602896947231
-0.23021515169865855,-0.1658985660971044,0.11986860278837022
-0.22147583356935893,0.017838209258991652,0.23456706939614322
-0.2047347262069773,0.45148791194169285,0.2452678906237225
-0.22323045222372442,-0.15014583962172146,0.12567490210729104
-0.20288899352707576,0.08245102192045592,0.24454938228517756
-0.19265866169120852,1.074727032297973,0.5223291036838652
-0.2119122668617891,0.2236990539770836,0.12542192995166965
-0.21232471850999785,0.27168352021170084,0.13202852743675894
-0.20829508419753606,-0.2078810682602713,0.36853554649173703
-0.20626597755792758,-0.12309362477954218,0.2536404833866547
-0.21490825710465433,0.3209498483685043,0.03576927998274324
-0.17047446063398958,0.6290454527240421,0.4988996688008182
-0.17965395415321772,0.748785850397276,0.46916841867821935
-0.19999015192909161,0.04907646330441964,0.18921581761503425
-0.20747772574834167,0.3257053884365445,0.017737925329783924
-0.20599161947707922,-0.3527764297083692,0.5904646542413826
-0.19780660339843323,-0.2655134126185029,0.645399379447154
-0.20673467261271036,0.31151307354598723,0.01809762120346733
-0.19861982046442114,0.34327525802924364,0.05182279754862864
-0.20569439822282662,0.31857207833448425,0.005054675113371141
-0.1946390256440164,0.0115456678901007,0.2486637163410453
-0.1938055480527262,0.13763863980826987,0.2871178389469965
-0.19696352387915925,0.41163948357230123,0.18029050096832458
-0.12053592127359407,0.7052641590717318,0.5345262389417966
-0.18733661487193642,0.2374481595267411,0.10537392815245097
-0.1908333355102011,0.24575287104261972,0.09328413104176417
-0.1873038331159526,0.3167144454954061,0.027903046992583436
-0.180250457517877,0.37549445187617686,0.13939680552465325
-0.1846102654992893,1.0429560039330197,0.4701260300733993
-0.18587964793932588,0.24525750228553225,0.09501508783817658
-0.1678906124048852,0.20779970856339158,0.16936348540890736
-0.17116902259327832,0.2849622215358223,0.1509731401499244
-0.1842284187490343,0.3217094137960386,0.027291601128988034
-0.14464031607564024,0.7747870200853133,0.47562106725225567
-0.17696301031175077,0.342349778674685,0.06455373008072235
-0.1786142395020425,0.4041057503915952,0.16279084753699202
-0.18117364474699468,0.4077384546102369,0.1713405828146736
-0.15678621809199805,0.04284245722590174,0.2850512612470903
-0.17366880807711896,0.09454155794165618,0.24727944084961342
-0.1693020748823742,0.15361428222434217,0.25425797187152965
-0.1513760529876562,-0.08030232793395527,0.24289884653622576
-0.1579039501219704,0.13039008064843824,0.24575586374876238
-0.15528757688894368,0.25666440501954996,0.1527066223147074
-0.15951013284141247,-0.0013154901928967,0.3153569434013208
-0.1560584487626577,0.4303272699334277,0.24780010076890663
-0.13059413173094925,1.0254649824965174,0.48404284312643225
-0.14846990104332466,0.22703545661342697,0.12334360360212439
-0.15665289127116272,0.47609934308831364,0.33049476557713686
-0.15368067872863764,0.4956841007345949,0.37735003987501325
-0.13540044003911,0.9142574092161028,0.5238578382560921
-0.15242320419141545,0.8640302378213475,0.4655602556690153
-0.13739812306089164,-0.04888385056421468,0.20582617073908352
-0.1478368172258534,0.0967958582441165,0.2525677000963553
-0.14259007992710104,0.37712466542222883,0.1761321793592591
-0.13719942496839496,0.286481121860304,0.24418781758688107
-0.14556425217020377,0.18099293237567898,0.19185346466982625
-0.11478588774264877,0.5304230352755628,0.4090951696884062
-0.11984015994704884,0.830982374749873,0.42141058627673134
-0.14773625364358742,0.33529077388618805,0.11598145567971875
-0.13363366010675165,1.0630003247478783,0.5312385247692716
-0.14476404110106234,0.3406513715075278,0.12327300418924973
-0.12133910336060598,0.9697293058012026,0.5479907019174631
-0.12519971962135254,0.568194707208951,0.41699513787091047
-0.14327793482979986,0.3334331410471099,0.13373432466661705
-0.10757391945551743,0.6250671352511908,0.4927300395764586
-0.12855335126453524,-0.09984265877445497,0.2217784375031355
-0.10489762504154108,-0.015995672648013205,0.19942611315411787
-0.10302805278534981,0.4741960595367441,0.39361963969649444
-0.12092207670588817,0.22969489030611248,0.1366716081089114
-0.11297402743628585,0.0468829135699956,0.2948111030026513
-0.11583450568715141,0.1447967183481844,0.2834383799016333
-0.12613055477677046,-0.07055913300226127,0.15911250008208633
-0.12544465957464926,-0.06484333965125154,0.157469400520119
-0.11578496881144283,0.38024548859187984,0.248687952448641
-0.06969367055090725,0.28236727976693765,0.30787340129880986
-0.11016886953050867,-0.10337842087119889,0.22625078924526634
-0.10690643647287427,0.19443774851355428,0.17517500661153385
-0.11767118061727591,0.21363011240994498,0.1194778098663969
-0.09634978679635992,-1.0906898464281705,0.5217159248489011
-0.11727107508270529,0.20860021426105627,0.12042804569217279
-0.1005419628982593,0.09910057087195452,0.3308044831483716
-0.10017548795859657,0.5890756097318036,0.4483044409447406
-0.06368940712372119,0.6588857906008647,0.5187493167898558
-0.09448656457725915,0.8826560842238331,0.47465919475489216
-0.08842394680782403,0.7745080934734662,0.4057074760282952
-0.0622173235290285,0.8836478475293391,0.4902630274359161
-0.06080827107218887,1.0684795251605514,0.4329034341249411
-0.10229831157191312,-0.9491348497297685,0.3351418487663721
-0.10083961015485929,-0.8808686641023115,0.5345000371217214
-0.08330470091369391,-1.156706847237431,0.4769173703954963
-0.10073283529251222,-0.063590764365473,0.1829531561934829
-0.08527334942958366,0.24477761380210383,0.25240671108785073
-0.09522240223118517,0.4075955597764619,0.3177691983939395
-0.09692530801006503,-0.7349356017853601,0.5135678439269472
-0.0901224507613482,-0.3158367210815291,0.5001153946217337
-0.0862178978345486,0.07255906592236394,0.3403379720101127
-0.0858511858263454,0.31725709945203395,0.2934144777849421
-0.07794185452282415,-1.2306232089333051,0.7088218286448983
-0.08749364149525538,-0.6578334077228662,0.38198553598697876
-0.08302522123665713,-0.36523303526731454,0.5174841731001271
-0.0945336491323884,-0.12280148423049073,0.28809930750676527
-0.08215993802732059,0.20494499328072868,0.2504068489627139
-0.03053332273481802,0.9623313930661161,0.498540243552476
-0.06450885884016995,-0.13385746165515816,0.31184144822968
-0.07662672613282139,0.012631457198373644,0.19114929763802785
-0.07367529983647332,0.39925568022292973,0.35279913055129725
-0.06629873489012611,0.42841135300081085,0.40395728993962765
-0.04173591744083501,0.5795627908077999,0.5184125065552929
-0.05935395797721266,0.745369035338143,0.4009358817165928
-0.07618805829424992,-0.7423122590481205,0.45158025267018187
-0.06663675026408922,-0.46349560228780884,0.8072867071432853
-0.05405890124522309,1.0324472140650218,0.3425338350684028
-0.07811442651110598,-1.3486530194588189,0.5998095300330372
-0.07858406182626677,-1.4136488315142908,0.6318506785074289
-0.06897262126667272,-0.8542219949108446,0.5780572044384068
-0.07505724505655893,-0.5799193613485585,0.439154254532782
-0.08383368397929804,-0.005399088800749893,0.15368254548021842
-0.05415319265970131,0.5232962278589165,0.4919489154986441
-0.07605348055915899,-0.003912982529487246,0.14356863838465023
-0.06490008624790801,0.3473683226516802,0.32934858715322934
-0.06394990690177729,0.8058728213209093,0.3598955091194806
-0.07326581716143118,-0.9761567297732482,0.1871042314076681
-0.07008720097011951,-0.9446182522386766,0.22658678761479906
-0.07206664579864562,-0.7124446003512662,0.3383222377520367
-0.057737980922508585,-0.37751525312617973,0.5036606584848495
-0.06076199307001977,-0.2666443686565653,0.4685004314583178
-0.06674346185977895,-1.0114930344454909,0.26240682671064564
-0.06872493688812907,-0.9722350604463054,0.1750032325770267
-0.041157765833285155,-1.4145707815587003,0.45822034001519507
-0.0622851430459912,-0.6904940798527818,0.296399258978413
-0.05894140393565062,0.13318032099448213,0.34973952187020235
-0.060681712595418595,-0.8997221996226397,0.35195104703327945
-0.05141799093738391,-0.22042008992404896,0.4091639012968472
-0.048409763064305195,-0.17765851929469714,0.30615841762667895
-0.058198350800019304,-0.035492740793816376,0.1290682926935265
-0.0434761257818385,0.01715621932467537,0.2664063145285175
-0.030552403253738137,0.25727824630426904,0.37723602957816155
-0.038074556940749495,1.0036427954183833,0.3650523022549655
-0.049930646244228605,-1.4275829756487193,0.5404349294709084
-0.0422472315897433,-1.3735193123355967,0.4203830754271483
-0.045323033536063644,-0.8837049767981912,0.43329532941650967
-0.024915762433201833,0.18785084245539443,0.40956215582970384
-0.04413341644699886,-0.3073904788078912,0.36448416003319845
-0.027829722802498742,0.7067516873187376,0.43929985023314794
-0.051084305038512474,-0.9803398437219872,0.16005273842900897
-0.045517987507181425,-0.5990016241959226,0.2707706626371546
-0.0480185228418709,-0.03437816109036939,0.13518042505827677
-0.050290142427943677,-0.9932351573985511,0.16938349142777995
-0.042222708383947004,-1.0597914882615236,0.3566581614186871
-0.04668102719773456,-0.029176789140950513,0.13107144367730877
-0.04445186779084078,0.314856812656328,0.3127593805368096
-0.025738948750126826,0.45558889109449163,0.4741717689916441
-0.04147965524831568,-1.1649865821773222,0.369861334939661
-0.03589423336362655,-0.3548010407801733,0.4136569309440945
-0.03313783231056829,0.8099755487202177,0.34192115584666405
-0.04177687650256828,-1.1012538532297484,0.2908935686052508
-0.04208117445335047,-0.6607011874622327,0.28130437166475303
-0.043708814655209455,-0.6533414230712182,0.2783262905860182
-0.03687272580740182,-0.14925417585896383,0.28660119017758023
-0.034479312549473756,-0.05600491814321652,0.25533741867621507
-0.02963241605381073,0.15010112699907746,0.3843296608522061
0.022202508557602703,0.33777317652972816,0.4688587408359948
-0.03419773451912932,-1.230842320083842,0.5559935792807711
-0.025444783959113343,0.08858456915624516,0.3896434245927396
0.030957121367691447,0.5357859574124035,0.5921610961441119
-0.013318248032293017,0.7713663778149257,0.2919910178798236
-0.034296808270546666,-1.1079908683261386,0.28436411555965546
-0.03664980986671246,-1.1002878841534278,0.28870953011420375
0.01834381258432475,0.9063472628080802,0.594195005918805
-0.026031971639139236,-0.9906093305282753,0.22599963388592012
-0.025408477429090824,-0.5938971722207166,0.244256929738358
-0.027361645671321495,-0.5285084962851646,0.5143491019859613
0.0015717372669161816,0.12682348939564306,0.41962011225689483
0.002928850222587648,0.2830541384513095,0.41432909365501636
-0.01968342993646519,0.32345971673774754,0.34424599975764003
-0.01903945055225121,-0.7011940450058721,0.31756842345797226
-0.011599174236782837,-0.2983569234225872,0.40588574134300826
-0.02104569401845563,-0.10199599643281501,0.3952830087952122
0.01690219910214182,0.4782633849935257,0.5359328412149962
-0.020707942593168806,1.0410899273083094,0.3236244343100194
-0.014407947700552749,1.08870277232561,0.4951037534175023
-0.01742819848972452,-0.18005568373386863,0.2627296183754333
-0.00814282772717441,-0.029294113320260662,0.3062026082959065
0.016623475308607607,0.3807736517963005,0.47935900151753436
0.015272573151470133,0.6058479578086083,0.6449773698201507
-0.008403502284692405,0.8231485974575848,0.3725722658681438
-0.01720658615102738,-0.5844851658360537,0.25763789259120395
0.022991934440619085,0.6663695727085771,0.5234551651298182
-0.009415215116328547,-1.3953987920638768,0.398448958968907
-0.001237984929662846,-0.3275461723187487,0.42123747220808083
0.011862609689128728,0.07881297836239977,0.40997790439941284
-0.0024970914909437157,1.024788632025468,0.32962778234729967
0.02746150799085263,1.0678951957998855,0.4410932936974284
-0.013986689229958634,-0.5857235877287726,0.2570126881879993
-0.0008270344038670365,-0.9660538911054388,0.32465203781347624
-0.00989989698398674,-0.18261726164880804,0.27080004953236003
0.004315032567220317,-1.1702479522060156,0.3562664506819385
0.030965509494461457,-0.34865609104543854,0.5343112415521405
0.030751349794658857,0.212284278641138,0.4515602023786806
0.04030806319191358,0.4352272146674488,0.5115746940110628
0.023109752086445515,0.8178591013910077,0.3337329690936224
0.021990355573062247,1.0166936085681093,0.3936921143567973
0.020811795424349775,-0.997691068262669,0.4421746546614848
0.014930764019145249,0.7154083649878498,0.36650662929658384
0.007392975990704794,-1.427366364401302,0.5107171582149699
0.011226862580060976,-1.2943198777130651,0.47511699712773736
0.004589639160823106,-0.7640563402802777,0.5187704128783756
0.0255939262623299,-0.5974951137195628,0.3560703054379023
0.05309404003982204,0.15786375331230537,0.49102730411906576
0.012858661670187592,-1.1311723082908358,0.3313336384188994
0.020754193391038917,-0.20880043908910303,0.35187700120800475
0.029322693532549658,0.012201857172100906,0.3664887301495897
0.023714683713301772,-0.6961946310881889,0.4042816291513649
0.03526145726037593,-0.6491774948330711,0.4130574569880007
0.02481219301707757,0.7730954297239641,0.2702467149874377
0.0348985350354347,-0.7350119134127632,0.4680912595023647
0.030495590457399743,-0.9222532702057253,0.46566503435550477
0.0414358389994428,0.7463649804826957,0.27086802928531717
0.02167986128034239,-1.3466099986151943,0.40628512530416183
0.029517116458263715,-0.1646862162442325,0.37576102930076155
0.09478771812246256,1.0381134429965415,0.5360467400822987
0.0355442892316845,-1.208089561291044,0.4865698917957201
0.037401752121278345,-0.8385094079251296,0.5490879790736645
0.03973220399380636,0.04292600835480732,0.3782508186272986
0.05032406429017087,-0.4808183553028354,0.61759892784238
0.043717578861273046,-0.21950365772343705,0.4076795369841684
0.04015003922317682,-1.127579164320685,0.4154642322080778
0.06535295332961595,0.7928559826857328,0.19890474856997517
0.07787444684222558,0.7124179854936669,0.3291242752290683
0.08009346533972755,0.845802838675831,0.36318128891904944
0.05140198670559321,-1.2879088009003237,0.3745624576356857
0.06125965356376034,-0.9193852990446097,0.45366222838557196
0.05818028253174078,0.02574309372815182,0.3760865655329168
0.07216518692644437,0.2678813558866631,0.4967751054142354
0.05847313288519538,-1.1746733308978485,0.5179836031958964
0.07915019998428159,-0.0062461315609606115,0.3948581614258675
0.07649470377154133,0.3918408639941259,0.556060010591301
0.0858130746379317,0.4744753261550779,0.5330276303157235
0.06884219762088077,-0.6027707343041974,0.4777956373770645
0.07687637517735668,-0.26936946731183137,0.5339147877552591
0.06533423299867946,-0.06214977203458823,0.3674689982385257
0.129661867161839,0.11254897436756749,0.5339486038279657
0.0983954042483695,0.8948191715883385,0.4473616781334884
0.0844202920734417,0.2012092370640548,0.4394394005456551
0.08070723037163278,0.9492202529581649,0.5433313137872454
0.07216174815646063,-1.350157601021721,0.31355937024785224
0.07663999286095809,-1.088068788145269,0.49658594404686857
0.07491077257766068,0.7447873569325817,0.20717437479651482
0.08019013562008541,-0.8015856837208766,0.47778962096296695
0.08103386276214389,-0.7022445476575419,0.49226125876707816
0.09581167005037806,0.056321469498246596,0.46167304441898477
0.09658241692422818,0.23726550116058975,0.41715384747843387
0.09061842116166877,-0.2137055333563401,0.44041687279828085
0.0772602358255615,-0.10377932395833027,0.3416426487897567
0.09058281311146175,-1.0217252415591018,0.5005647544113199
0.11663440840870891,-0.1844441171390731,0.4160358386187498
0.10940094518888974,-0.05147558566354575,0.37063531703365993
0.10881142850123582,0.5520498954257115,0.6716249170014058
0.0925109886270958,-0.9196450619647045,0.4443625999881356
0.08261021840210668,-1.3064851292911055,0.27754458051079506
0.08726029286379898,-0.564894130475109,0.48835679494916184
0.14036584489589737,0.6198582989655828,0.5857408287904231
0.1046320006696338,-1.4208189508206748,0.5170552495287695
0.08736575847014684,-1.3096059524607568,0.27000168834158345
0.08736575847014684,-0.09961822639879493,0.30966973517980656
0.13773829973433288,0.49822358866844446,0.6351781401692768
0.09339078592923165,1.088299562122824,0.6575417050384259
0.13002244227401713,0.2951937205384472,0.45542145326753347
0.10659948248231342,-0.3752383067875562,0.5305625019443047
0.09152685602968179,0.7852094475109227,0.15001135380342243
0.09271574104669184,-1.3093087312065044,0.27753072902139436
0.0957374904649257,-0.43298488762678905,0.47478769296681933
0.09301296230094444,-0.09902378389028992,0.3039884210261243
0.09598517484346954,-0.4259671635680493,0.47992604926308935
0.12585857059387126,-0.28814493655420437,0.5211767544167589
0.1316532295099155,0.17860132410512516,0.4255029229220224
0.09732267048760569,0.7904108194603415,0.15991610312610535
0.10057859422737186,0.7857498497913817,0.1574058193087815
0.12152003228428268,0.7015326294111963,0.39995683381874625
0.11308866576898208,-1.3470080627949965,0.28704213780437166
0.10674458424741032,-0.854025213942512,0.39619016702160675
0.10668513999655971,-0.4753801970875289,0.4617371451155302
0.11411567135287257,-0.11685705914544052,0.29738121398380885
0.13246107639373925,0.3715027753367235,0.5750550070428198
0.14379253352635035,0.42853725325740355,0.5848949936504353
0.11818670186566471,0.7700162625634319,0.20270884291472446
0.12638854190457352,0.8108756864400907,0.257590539560963
0.12108617767802475,0.7358423330054427,0.26882417300368006
0.11998181048256149,-0.9077044339649943,0.4369470339638836
0.11284925035649218,-0.796589144957699,0.47229894115239507
0.12406101487839938,-0.7290927981258433,0.4940131201743345
0.12953568746901742,-1.230735852768886,0.5026938593499136
0.1311188067783613,-0.6090875179555459,0.4717653267104002
0.14410176250742457,0.9754102655294337,0.4590699524301727
0.11905893010780927,-1.3983499616909927,0.39608543873967283
0.13803827418554937,0.04364812297345243,0.4673270426952084
0.14044348010140775,0.9354860122555504,0.44612766457423514
0.12570730026872037,-1.033784628514429,0.39642138284916745
0.13544756305868189,-0.5011975633642917,0.4364481854591542
0.13339155708598047,-0.8637523231853415,0.4122227151805416
0.17599480025131198,-0.0047322878427925,0.4634114526553624
0.1396029362795763,0.8863406063939935,0.3939755055870623
0.14836382575929957,-0.5385419119982449,0.42869839055184156
0.1631294868833326,0.2206053684002117,0.3619275017312764
0.1602508591532843,0.828399060522728,0.37771217470911994
0.1698806833439154,1.0166389757937038,0.41599059636098795
0.1323947784894017,-1.0263540971581164,0.3976987078011857
0.15032415840878222,-0.3498850857247691,0.4992401485449726
0.1442623985699126,-1.089449923418006,0.35538976589880883
0.14235169050686075,-0.6896024160900243,0.5100006424714181
0.14846009973218846,-1.351965105696123,0.35440707397844595
0.17161464719958058,-0.562181663864301,0.35096010463405425
0.1688771481674487,-0.11584113338937953,0.31779606058638304
0.15230860252431977,-1.24600060405072,0.4828907923638487
0.16369271819545614,-0.9131222778700506,0.43648626113762157
0.16279832130631464,-0.16736412712037718,0.3275098216207536
0.17800237914590555,0.3284045501953027,0.44256619478295384
0.15097110688018361,-1.0932288793649307,0.35129238589817074
0.1720721738257348,1.0769994349212204,0.4513931484204195
0.15736782517822692,-1.3627310209925858,0.3540472086935533
0.16621568088861863,-0.7929661674748205,0.44529774715199
0.1748084684210555,-0.15194326888557705,0.31757934519131636
0.17093270560946094,0.164449739543403,0.4263731362547168
0.16049783024017195,0.2502111898564075,0.3753872238780045
0.17598871225309393,0.8968898888543052,0.41371346772701756
0.1756578615884435,-1.0444087073898378,0.3376030481297916
0.16335532580737133,-0.21048175423498072,0.3720728097676241
0.17909805401426263,0.7275887444932779,0.34464736966139087
0.17664239424344483,-1.427243248559181,0.3913797973119839
0.17683457040812098,-0.3166627437146968,0.4622329937540612
0.17452606529682238,-0.06907195585636632,0.3783266325896301
0.18289938697128694,0.2874259594387823,0.387334618317406
0.19768045696060874,0.03454921344160461,0.46579722530657863
0.18209010355809915,-0.4432307075506142,0.4811902743440462
0.20904475665920869,0.12284351510339633,0.45979181176414363
0.2193186894263414,0.4155318498182718,0.5872166053723715
0.18363419494973188,0.6493210011741685,0.38951336392546065
0.1826868785563173,0.7795169667323029,0.3627932736939704
0.1928347633689197,-0.9561473533402292,0.4094625241155203
0.21021934184270766,0.9414841568387394,0.4381973828034994
0.19217080627492836,0.49354890188825973,0.6966261318137786
0.18118860106252194,-1.1784323055839832,0.3534810464282377
0.18593202419693552,-0.6270940065535956,0.3349047280783574
0.19415433983498667,1.0435827146392882,0.36571995364735627
0.21035736333961147,-0.05598832106419204,0.3858160821855774
0.21629609254696697,-0.28934279525824713,0.3614572813036839
0.1960245818127635,-0.2238378992045554,0.31225807896154484
0.23838362693622228,0.9903460391642792,0.43619048973390223
0.2103487671764541,0.1875299884063139,0.35445590446078956
0.2001555919862255,-0.6693983030750053,0.3674058992638268
0.20993892954372204,0.6181077245594444,0.4683428825870861
0.19393635673886286,-0.10496820897534012,0.3358078399076584
0.19173287889195603,-1.1252863146450227,0.2793024391104543
0.21240531510076627,-0.7708608748168462,0.39208167984046893
0.20573029280540586,-0.7103803266579238,0.40423021138822357
0.204218458790158,-0.4120995752135608,0.5041797134850744
0.21800127598485797,0.24464530127441478,0.3698788019969347
0.21481627329794362,0.8562704146220516,0.4083236161618919
0.28677736820488514,0.5637973123593273,0.6929370322913112
0.2007661325046002,-1.1868954366029572,0.3282432775629975
0.20775005843983424,-1.0066031909846131,0.3531828980687821
0.19698536031631278,0.6885024579328379,0.3367735617275126
0.2089240002005133,0.7585908161009234,0.40837160122066823
0.20120149884885755,-1.244217276525205,0.39493628040589185
0.21587116032576772,-1.0576664141187648,0.3155016146342886
0.22183247707194095,-0.9269021388887293,0.3668076791884906
0.2237840787611196,-0.8757502170050919,0.33971449140644594
0.21253020127055883,-0.8173656396006954,0.333481544016173
0.21048290801574238,-0.5965091165762689,0.2612691909832155
0.20506130363010908,0.05955189830148485,0.4724377736390195
0.2111301285670364,1.0717297081630943,0.3705939281022376
0.2033563529421881,-1.4294604232380808,0.3682813890759684
0.2178202665650798,0.6603957376163079,0.3598320685699338
0.26748183854716684,0.8938832284909611,0.4197523920378345
0.20615968977206997,-1.1662507375119675,0.3029003188562676
0.220272062582343,-0.475996741176515,0.45714546157593067
0.22833926339174565,0.7100954318642936,0.3918926883772858
0.22060614481935908,-0.5285879800889761,0.40236635367396933
0.2171206978055885,0.327913828092541,0.421372781049916
0.23373217701207663,-1.1585893380928005,0.27757647061146323
0.2198541408049202,-0.3294907510390594,0.4262940977147198
0.20843388270233515,-1.425125946613565,0.34337324910077793
0.2311236770413937,-0.11141848177195471,0.35725924712665186
0.25161493158995035,0.2993439971933529,0.4170179047426243
0.22089631774906313,-1.3638566529737937,0.24166009816070855
0.22324991189158905,-1.3170905240451154,0.2637324437109978
0.2293876195441029,-0.6182280946035039,0.27439793936271306
0.22798443631538906,-0.5739172990181869,0.29982973509305194
0.21836279561613262,-0.20576498215662564,0.23520153351031708
0.23521760915209752,1.0628577184842432,0.32467035912786607
0.22288803536449575,1.092514994318427,0.43626549821657795
0.2464121540790445,-0.3984427455651152,0.4761523808098651
0.2267887521193603,-1.3980292756008783,0.26028911418721307
0.2211896281973387,-1.1001021208695199,0.2822924942305366
0.2544908698131613,-0.01413573219050129,0.3875587561782172
0.2294680022340513,-1.1069086781183475,0.2916713252621499
0.2659390900095086,-0.7371975868723631,0.4340360856354574
0.24133017870184661,-0.6942703139933489,0.4023559870856298
0.2586116011808996,-0.6580706804737623,0.3788042695738813
0.23834755071365987,0.792230474028043,0.42798233457814705
0.24575465686000889,-0.7881073917740006,0.32963672345907846
0.2600479296766012,0.34527374101359776,0.4228487354104163
0.233930804023016,-1.3422828068253416,0.2140279498919955
0.2343628987876017,-0.5950011368793687,0.2686522900943614
0.2621020564438281,0.10575121110496852,0.47694392893213317
0.23796548168255224,0.6367131362516886,0.43642498813471675
0.23763456733065197,-1.2793636898405643,0.31270194323122386
0.23865137688467344,-0.9606681999683121,0.3715664897253645
0.27271834995521654,0.041056373617300836,0.41248082432573857
0.2515195868413124,0.19547206698841896,0.34525212940318084
0.30472713158541087,0.7351121206807109,0.6042795713359285
0.24000439901224113,-0.8410344270626158,0.2697395820162652
0.24867415043006347,-1.3043657390974301,0.24407108395440266
0.2731572079831059,-0.5861494072064983,0.355463203017043
0.2387864774547882,-0.23912307509931321,0.2060078043347227
0.2404871552197627,-0.22918920964969752,0.18493502337081813
0.25654964220999577,-0.16669144495320082,0.2315782773368745
0.2563362972969095,0.8370569072673628,0.43779875531555706
0.2722474783665652,-0.33788891526599635,0.4490079401098013
0.24013748315593608,-1.3480961048864568,0.21351425801644455
0.2590206696675759,0.22675809975975908,0.37411002206356125
0.25935742262702327,-0.817973270222236,0.2718214097415595
0.26559649864201423,-0.08887082339015312,0.3622103261697802
0.2800338211992944,1.0502743917251456,0.35786217652386554
0.24704787731730699,-0.9969291929871181,0.3558808837917399
0.26291292577830844,-1.0898342593551216,0.3766398886683345
0.25054022705477386,-0.2738889551421825,0.30707906468835766
0.28682933559763063,-0.1511780810047335,0.2394884251596845
0.2515309645689488,0.9261609115468237,0.4099375983909863
0.2789536917336893,-1.4149967645656563,0.3893886264592273
0.2572428696251622,-1.0141316312944673,0.3810696600999453
0.274202931076365,-0.45134950484638703,0.3960436108353378
0.2871215826420319,1.087496480074961,0.44577664674706013
0.2705659521070512,-1.375346027971183,0.2865350990467708
0.2877363454348365,-1.1392294764086999,0.37342577749533634
0.2655156056344196,0.15755817963653906,0.38604057220674876
0.295973332152895,0.6329005330711701,0.6241144397454959
0.2744939136639401,-1.2702319578842536,0.338627640119505
0.27003950565612955,-1.2053907947854827,0.35477400482222543
0.2722152451175499,0.45064582078264714,0.5739447324737132
0.28292612787191035,-1.326215400867846,0.29067318275193604
0.27874723328806517,-0.9141965930588399,0.3937160956596368
0.26569851102165176,-0.19145959396282028,0.12741637640118256
0.2840957193188116,-0.03950079893270157,0.35304492115015096
0.27188611713290844,-0.8636254604548679,0.25885376130636417
0.26837350230992446,-0.858424088505449,0.2466133682353675
0.30037803524950846,0.38970267518891544,0.3802455689257457
0.2708503460953619,-0.1966114290365302,0.12040435660032886
0.3080184180527137,-0.819332869211919,0.35375410392212153
0.3154012661180665,-0.8830294128106049,0.40706259169022835
0.30552329016046215,-0.5279992610281201,0.4017410780151939
0.283968212422287,-0.4886407170755138,0.3946360750509174
0.28566637528461597,0.8272195838816133,0.4670546380766779
0.30741165642315227,1.003671713468614,0.35861105052692577
0.27468945396279015,-0.19153389927638334,0.1260186077532746
0.29913181192431276,0.18835761599469766,0.38392307653601093
0.334235294109179,0.1421880987332247,0.42766727923906084
0.2987011867866541,0.22519019194674494,0.4012973596193905
0.294375284245158,0.3263309748577959,0.37864182918744776
0.3079423808262331,-1.2560692338473127,0.368178252247451
0.2902396136704926,-0.23576406009463383,0.220071262119706
0.2965694646911024,-0.20074795844207502,0.1699794952454393
0.30929994685431195,-0.07318894360418884,0.3319821962366909
0.3174220045316937,0.49015672699106183,0.5396631536323284
0.30709428005763273,-0.015893689157855436,0.34348821305400007
0.3293426522249503,-0.969888334154932,0.49002161370879027
0.3034827629685019,-0.28567763883566577,0.32532868271388715
0.34561524326284593,0.2589172062993388,0.4777793840587591
0.3026992050566802,-1.17131091412871,0.3365856345213026
0.30527450722861993,-1.2078801078073687,0.2939598694490094
0.32360411388870075,-0.1241150270352462,0.3132309934660563
0.30552615909148795,0.9680262523181422,0.33962696259702013
0.31972221220170394,-0.6859872297662345,0.5156918563788104
0.3384528360358454,-0.3684672231005208,0.46027731471218075
0.32283548662279593,-0.6068069265921224,0.4614378292617604
0.3100204320892578,-1.0345636358340424,0.4928234860468036
0.32160345405517093,1.0383476801430016,0.35047701928614805
0.3141597288578702,0.01990717798989237,0.32129573551399304
0.3273318328537465,-1.3480778828749564,0.37091648376180036
0.3347127013218065,-0.7672981723492618,0.4582126875243902
0.3173247317778197,-0.4554392898074804,0.3458956112249373
0.3105364602346019,0.9275784282978742,0.3803204534403873
0.3395486792308553,-1.068444919056314,0.4748754911073679
0.3253593807523714,-0.29642907319772716,0.3212360628469201
0.332412645603504,-0.21132434408348458,0.23238496557760724
0.3225387487938519,-1.4236878985053039,0.45818153948998547
0.3297893208136342,-0.4252538325578433,0.4103005400954879
0.33545272241648944,0.8234209877732445,0.46867815519461914
0.33414116518613934,0.947618780256289,0.3340487492855873
0.3318508169488989,0.3930420067461205,0.3346075642420213
0.32845465584810973,-0.1700738170496993,0.23881305573653908
0.3491903078247675,-0.022075225581527195,0.3011401836643672
0.35530162056895886,1.0264451357940474,0.3331384531730738
0.34654269217833394,-1.2152382042355856,0.23938947011205966
0.3446298379040396,-1.1460364069903541,0.327692236232423
0.3590512015923115,-0.5235189449128714,0.4113750193605184
0.35601957871879253,-0.09755608955513166,0.27632488884641504
0.3660878809027741,0.03943419309678445,0.2693084520789934
0.33856294763481554,0.3314624349047835,0.30174378169308014
0.3543561708432564,1.0843454383064808,0.3980940059818988
0.35184313787917076,-1.388468658589089,0.34893598444682067
0.3418465963611444,-0.5745084390683113,0.46310858770294944
0.3421480636333149,-0.2583556062592239,0.2673332222338467
0.35054418861420317,-0.3008188573160687,0.310022202711184
0.38322106768894276,-1.2924401148584177,0.3481571850609742
0.34936629409373277,-0.810395835829646,0.43577297708918766
0.3425340652622143,-0.48377090749572865,0.3269857876351502
0.3527929536264558,-0.14406357279556867,0.3030823443796074
0.36141147492353726,0.9166507221837332,0.34980721154046307
0.3553782694638406,-1.4255087315622237,0.4813177354666293
0.3810029094603431,-0.6356495384936981,0.5194644867294709
0.3439172377657702,0.07873103844461299,0.26593540980878344
0.3811984670894834,0.39726684918098387,0.3484854611271408
0.34775332509199686,0.42605501645766797,0.3724089572925502
0.38779173783308224,-0.8666848652103564,0.3987075103756329
0.3715378130361909,-0.43473264780111404,0.39889014655671484
0.3598265646869423,-0.23410605005685742,0.2858678643255314
0.3645995317625998,-0.1857781552231556,0.3039891218822567
0.3449079752799452,0.07262149044053368,0.25663156026540823
0.35795204087184723,0.34542067796178605,0.27319617836099686
0.3499678132987679,0.07138306854781487,0.24860544570119092
0.3838726601664036,0.6996549661825106,0.526742327796845
0.38068714225532807,0.8578573053487404,0.4217813726723702
0.39758482796733546,0.6420576559460929,0.5949742855135108
0.3704681603632765,0.9591035461709438,0.3017128470737427
0.37084150031989455,0.47329105518528947,0.4274491861675859
0.37558180486458653,-0.923135713159824,0.35995067932043107
0.4059195305345494,-0.5774287473584546,0.5744203282206456
0.36520365532088744,0.2010230715237222,0.4933385369012473
0.37090920583661824,0.3159939091214607,0.34700094785975555
0.3659737202672582,0.814524213856741,0.43735366890754634
0.38145106152509267,-1.1836143967135155,0.2615770020298045
0.3819567644188937,-1.1067284769774317,0.38910492656184653
0.3765379398372225,-0.69752296086551,0.49671209069818256
0.37383869270173636,0.08147204308207652,0.2788302768191854
0.37874977140849675,0.5451605427074948,0.49250834389542436
0.39144844411118146,-0.3060255931847605,0.24893984519016815
0.3776243170991179,-0.9715238846851338,0.40464743076726417
0.3856466711073813,-0.7983727417053645,0.4198668053352951
0.3746579651977822,0.36244007782931564,0.28731226003883764
0.38839302294303896,-1.3514727224541263,0.35747649942379023
0.3892399720038297,-0.2235226655498826,0.35964858163951147
0.39988669320854653,0.006012187412274932,0.3663644467744029
0.39230151343016473,0.7776634352851238,0.3878730882211947
0.3837908460415887,1.0725483633097652,0.34572833800493197
0.3679426224845147,-1.2136034873371966,0.23015068051279924
0.37362859430499734,-0.07065853810401797,0.23952869183126244
0.37197633950651304,-1.2112681774823555,0.23590660460928342
0.37240094129830226,-1.216575699879722,0.24201037560328267
0.38528591342558977,-1.137424387605956,0.32395647188157944
0.4011323292093783,-0.7366324954838397,0.4139658678271897
0.3902428233465296,-0.4846138515934331,0.40935035145158155
0.39274728880022997,0.5066576805497829,0.43145598605824637
0.38407041387597846,0.7330966542653163,0.4395526815092435
0.415991190283083,-0.15074468540806726,0.4271789641146258
0.39060297741480815,-1.0666780973473369,0.4481345865997399
0.3957509330043348,-1.424949547007383,0.6114715500284869
0.38131757892587775,-1.32773644897016,0.338276835967896
0.3814661895530038,-1.3194142538510896,0.3362750964849374
0.4425319053988383,-0.38882397243152556,0.3771811673631094
0.40224563218922416,-0.350962205471716,0.2627737683815514
0.3992327655503101,1.053258552674789,0.31684490743380184
0.3823083164400527,-0.06533870840833902,0.24216627046179626
0.41010838138053224,0.5800332041705554,0.45719976375505034
0.40901402718753016,0.1993612058884842,0.46475802469584426
0.4354701325604729,0.2556528610996886,0.48170304305143363
0.4094433815593401,1.0045051994107324,0.36706363520854857
0.4188755374177853,0.44974272297636664,0.41182200140367514
0.3920175440789677,-0.04314618809081839,0.2727391772336927
0.40601230119140114,0.32735307927857143,0.34699910620424684
0.4202542989291297,0.8417133659864346,0.40098304248000416
0.4128707995782196,0.9284727458218307,0.31808685630844624
0.39563564127015705,-0.09359378020683057,0.2822833992050784
0.4237551566936416,0.9569204944877231,0.3400929375236161
0.4153380226722073,-0.6925334081666312,0.46539924457933657
0.4253462113902351,-0.25128212640964337,0.3876979263122757
0.403679939960114,0.9147129940066583,0.3265922828081704
0.4160402511287549,1.0838632546555493,0.3905725116152279
0.4156395570955125,-1.1366122457729781,0.36317269398839425
0.41873480765724935,-0.9838593386665977,0.3492899167603587
0.42022686250562385,-0.45798695684532315,0.4528595138682597
0.42042466827262515,-0.04020642650409263,0.3256594344038671
0.41348078143930356,0.04938297306156711,0.36708392860832023
0.4090582293227784,0.12290141928491638,0.40928025754446484
0.4399063465303511,0.507064962441339,0.38956021978060756
0.41050895211139166,-0.8943029399116448,0.3259219819484655
0.4672443801388646,-0.5058226888652154,0.5167707898440994
0.423995169087912,0.7406945487203035,0.4066016256069091
0.4328732745360188,-0.7797576626362998,0.4231672792483288
0.4197194264861837,-1.2660551415296806,0.3860688331897952
0.4258048892398015,-1.0240130802899448,0.4463847702843357
0.4437600231977725,-0.9642571985751689,0.28813969123088357
0.4373572954094869,-0.895376024439985,0.30119333285124744
0.4193902062563181,-0.9395937977025031,0.26931801866223
0.4169841294361786,-0.3341257960040242,0.20087668459699493
0.4529916565843158,-0.09822751474759767,0.44481708667505676
0.4186825366033358,-0.3283087514565108,0.19479795073116707
0.4382964000176028,-0.31535497259893897,0.24145548844147321
0.4225570279534133,-0.3245404105543808,0.2024555892123361
0.4541166014126995,-0.8139065009839613,0.4442792820604034
0.45898085543425415,-0.4457246392096507,0.46900381772296684
0.4594378522372367,0.0693435494164428,0.39624115178003244
0.4442352995604744,0.1271757229586269,0.37761500571093753
0.45038181541020095,0.3731571776364561,0.2906462748299621
0.4486585174285709,0.708994757759875,0.4552248606697295
0.4694925567551575,0.7585913906215783,0.4283715936160886
0.4423494712587219,1.0860028950987015,0.4369200215040845
0.447090956130232,-1.3085983513293193,0.3351482222016708
0.4688050354953492,-0.610716537371996,0.5204868679133886
0.4556875058051465,0.3161303751244927,0.4050019304569844
0.4524868780108027,1.0278555955492616,0.3550918640753475
0.4589011159614285,0.9209383166626186,0.40208271131067225
0.47353114998068707,-0.03964201823689809,0.4762920268860475
0.455078604286107,0.5730994799387563,0.2980911554309624
0.49554449664103284,0.6312322954829503,0.42588946423501584
0.4545593531766635,0.8058250175742518,0.40221539376598203
0.45588048424269034,-1.1358008703490317,0.4893065965131751
0.4597024938981802,-0.8636686054756465,0.3684186309379008
0.4551815639599632,-0.7494069351274987,0.39320160194011683
0.4679252371507527,-0.24159102998477508,0.40623658757482317
0.48147283418261183,0.8407849760574304,0.40635672080038
0.4565595897751335,0.20017894539056844,0.38909179138466987
0.47600698438090266,0.9770991795873516,0.40036725794972666
0.46397737006640216,-0.9326681767165766,0.2798558208806716
0.4710691917420832,0.44444396437212835,0.3595233720958264
0.47635628436428706,-0.33874737719690823,0.3331087860507477
0.5098554422413734,0.7012954433563655,0.547678436206598
0.48829879241371216,-0.7166576629659525,0.379283763376921
0.4814058836631846,0.15695325817355732,0.34420437894584266
0.4737492027835589,0.3519501647275365,0.28917455651746066
0.48192770918652567,0.5529685578174558,0.24963254835685056
0.4740506102526605,-1.1604008828259977,0.5684792645256509
0.4731589464899027,-0.1947290277595976,0.3867547612293946
0.47153661381044126,-1.303946364411032,0.37368431958750675
0.4835184119191707,-0.9844026218389428,0.36495275078181755
0.4804014399098514,-0.15823298732033697,0.4112967042042152
0.4767514468673895,-1.31362490072478,0.37387377214743334
0.4827762731376835,-1.0664318952428438,0.5206023486245097
0.4867382425435643,-0.9181469842818124,0.2660801250440768
0.4850094455304215,-0.6663328682167714,0.38646187680561667
0.48135955109586953,0.10487675155543666,0.36075884321965596
0.4924602129511583,0.23772856810614132,0.43209723659671395
0.49570798076567885,0.5126439181451162,0.3386302586978579
0.48430595174085256,0.8745570562587803,0.41570591199604945
0.49196309007281724,1.053549614502686,0.4351623067289199
0.5291592625633429,-0.009536367235379673,0.4816388066776044
0.500427586981676,1.0171568063935459,0.42743868445865024
0.4884669931042721,-1.3311095645998163,0.42997890196873506
0.49640105014039326,-0.18485888839019224,0.3863875077187074
0.4779144865579429,0.3906482324907176,0.22849844706643427
0.47964827720774916,0.396468815386496,0.23280233448273155
0.504405624716817,0.04135411023571138,0.43826470338014095
0.49689656106883884,0.3861214745723325,0.21892822843358983
0.5151493135124829,0.12494158729396401,0.37415045630596344
0.5076459781991891,0.4499051590213124,0.3857285362682274
0.5294414721632871,-0.4438236166274304,0.4397880122409793
0.5093853788977493,-0.4006826205900103,0.4999546229092759
0.5264923791600248,0.7761899256030299,0.45078039688460025
0.5233363206132235,0.9025234798650746,0.42320200131327107
0.5443597066716621,1.0729009708944408,0.4919052437832207
0.5235039259183691,-0.96574792304585,0.3550249671336332
0.5246569087300733,0.3655465605344956,0.29648278338474604
0.49741963136826384,0.5739965937077337,0.2241258906762568
0.5463918236617527,0.9962185162190783,0.3782498454213671
0.4987199743556184,0.5771545695341667,0.23122478315556286
0.5076056514358758,-1.2179998850563485,0.6736056843736254
0.5247468029988613,-0.8098639370504176,0.3498017813280963
0.5140037319657588,-0.7432686501624974,0.33030050400152217
0.5061505057119312,0.2000551032012966,0.37344502886920844
0.503178293169406,0.5712101444491166,0.23226838916898165
0.5294578138710317,0.8301506332379552,0.40107724782142457
0.5232978857649604,-1.0310560892673943,0.3058309151417147
0.5251233672664393,-0.3329069030719215,0.41263475679126965
0.5093084815383638,-0.2496247319155565,0.3604817786029116
0.5135810370682437,-0.6410810463333023,0.3859140057760264
0.5172963027464003,-0.5069599553518578,0.4123157697436186
0.5167818813448094,-0.28890243901083473,0.35522059604139594
0.5238592469220039,0.09015173285266118,0.4281320454386666
0.5275987730386991,0.3285891545158664,0.43958215427340325
0.5260227658247502,0.5620229492154274,0.2860432034465912
0.5168504708650216,-1.3556752468698956,0.5564223893673882
0.515279444235401,-0.6340220415448052,0.3935522887541203
0.5383140914399704,-0.546235621092368,0.36351713947415015
0.5649146163925188,0.49140298272579036,0.48914726082576493
0.5436361152646522,-0.051789154782100964,0.428008786905144
0.5283614062276784,0.19295911386758696,0.386320631633027
0.5411641367509823,-0.7695061294022597,0.28911981080106053
0.5384221896025589,0.24460079783232905,0.5213416008227194
0.5462004937122736,0.4136252786770211,0.3247985662408904
0.5378613910001948,-0.9177372123320158,0.2518518686585472
0.5414905126917753,-0.724537908941323,0.3346898124693888
0.5513934450644032,-1.0942018458026184,0.38835844578704454
0.528577200350984,-0.8782838723123213,0.21361733330197574
0.532924388050645,-0.14351109420421368,0.3757953341638889
0.5332825602072672,0.01830784457415265,0.4962589622085479
0.5782562154830836,0.6167074752681397,0.47389191659848556
0.5420254735651534,-0.10891001524362792,0.4003687597904581
0.5392694454714964,-1.370069247611553,0.5892659348372487
0.5314143123233943,-0.8881462139307,0.19963659026377675
0.5502535132857441,-0.3092622566948681,0.3948623953182116
0.5519569275495023,0.9418990250033564,0.45225209637948927
0.5363298946052628,-0.8863171600583769,0.2034750914994001
0.5525721758348745,0.6826030018901695,0.5879979295401297
0.5358726311371819,-0.8933475858801189,0.20700246705506664
0.5533852738749026,-0.6542015325227367,0.32158419620950046
0.563389566611527,-1.0450023339168624,0.17873772072278132
0.5768209134174966,-0.8722283645362878,0.31741107455904366
0.561057178747511,-0.07887218285197002,0.40819682168046684
0.575902050281493,0.7538142925456778,0.5480832263571008
0.5554871259656902,-0.8028795491469131,0.2897076920324291
0.5590558889688775,-0.5022044152838177,0.3373960569015422
0.5698934934947425,0.8484961308513833,0.4111049687522635
0.5619461094412641,-0.1830861537999132,0.39212853588339025
0.5833592740090284,0.8038303122095183,0.4832033775869949
0.5837787673609225,0.8995251291039208,0.36787155114860115
0.5663378096980642,-0.7060981957010386,0.3177865687994047
0.5603258343279567,-0.2651974851314653,0.3724020693711884
0.5774836067325333,0.14973590732129138,0.5431274002219876
0.571950431181669,0.3936531580643713,0.3335485480613909
0.5644388961292288,-0.5435346819168193,0.3226859990874274
0.5626225440199075,-0.2610093674579071,0.3768776654025189
0.589410523149336,0.96405228776824,0.3674384901104551
0.636222142635555,0.7296316704048793,0.7174277638043106
0.5738856652336876,-0.5500179291587016,0.31683705600620066
0.5730252879187457,-1.0077777687673346,0.11349041120663608
0.5773735247865136,-0.7900081590543625,0.273762533466258
0.5949659957847466,-0.11368532307575513,0.3537560319883296
0.5904497774946948,0.4053453551132469,0.30772374159842236
0.5747236950859026,-1.0148898487798053,0.09909723578826092
0.5924508198931061,-1.0318739204513772,0.140575853199655
0.5878081345118309,-0.9936597591903404,0.1665552820269903
0.6242550629883926,-0.22015195990105005,0.49874737237132727
0.5998244392622665,-0.18609528747040754,0.4178422577335839
0.5789697130037955,-1.0152083001236474,0.0925053403692452
0.596168674606578,-0.836880078383945,0.3718722008726221
0.5809511880321455,-1.0199143033159788,0.09604184529085842
0.6155080810245828,-0.707972957745946,0.2630410321485684
0.5828876295371244,-0.5914653619586505,0.3667566038552333
0.5864002443601084,-0.46980729857029435,0.3451917517911173
0.6151983165269459,-0.05210936860710906,0.46408451275084045
0.5951402120113799,0.5779651729548553,0.4483178307929734
0.5847490151698166,-0.7837885291042637,0.28000684273581294
0.6219014202396137,0.8530379656021904,0.38717221958855347
0.5916691665945846,-1.1205191945281157,0.27772962732252415
0.6006197891481827,-1.0736879664688883,0.2638239157136045
0.5920318049669981,-0.3976268562546742,0.27117600100945666
0.5889478551108445,-1.4055234972259594,0.6705893325407651
0.5993179373333906,1.018097249215758,0.2828478404472823
0.6035823045076272,-1.1844824835497598,0.4659974707098618
0.592963880391518,-1.1593193277063565,0.3555638396683471
0.6078346351015649,0.43751657824281065,0.34002014302470657
0.5945738288520526,-1.1482148114016448,0.3155371548335824
0.6067370371030011,-0.95188302558781,0.4046176720374401
0.6129853612998822,-0.5486930565120751,0.38300241148647013
0.6091841398873284,-0.33803384141210585,0.39518637552976166
0.6020834084142835,0.20363598692939225,0.6181033747697648
0.5949866361496253,1.0391684969777881,0.26689308819776125
0.5968029882589462,1.0345037745152141,0.2608758908142439
0.6248489431048126,0.5329220172750668,0.4564247904170114
0.6401126027909917,0.9831682126862955,0.34950402117653234
0.6049765727508903,-0.42373800416115553,0.2166824576803905
0.6133699954486422,-0.15334140778134758,0.4018478507113897
0.604233519615259,-0.41705052594047404,0.21194958835076064
0.6209389827138623,-0.39207986905923237,0.22709640483948554
0.6109209978359406,-0.6786052296826816,0.21805805646310586
0.609583502191804,-0.6738496896146413,0.22232896512162323
0.6131501572428341,-0.6310498290022801,0.3396071367761866
0.6352330936449804,0.07740322863784864,0.609204767213385
0.6288614984802833,-0.7651831474403868,0.354635507609427
0.6233436659626855,0.37744763869851056,0.2982479600124908
0.6349788657518709,1.040381203006068,0.24547997018278164
0.6210760573562343,-1.371350915983065,0.4563404963800746
0.6374121958617258,-1.1406097979325118,0.29753961607470664
0.6368118535070086,-0.9950925662915366,0.33238176280859294
0.6228098480060406,-0.6540844762068496,0.26473984378330995
0.63018730413838,-0.4204625046244953,0.2264611667468744
0.6402254069038635,-0.12065667139574952,0.43490573081283046
0.6453556160005589,0.5797655306250168,0.44057402986786837
0.6396716159006292,0.6198708943592305,0.5042403806657101
0.6452377417625801,-1.0752795295371136,0.39242828388181905
0.6350388513893411,-0.48661020681070266,0.408668752952937
0.6434843943806644,0.9040758627068329,0.29639102528905553
0.6347343077513312,-1.1088163774114321,0.3008469001914658
0.654406328601211,-0.8713686266921215,0.4350610470210153
0.6308372581106474,-0.7381469301247414,0.3261990542674138
0.6304880637408974,0.34072744599522325,0.39471806724795766
0.6265251136841972,0.4586375944009789,0.37984249344173576
0.6505151149202922,1.0710582591779394,0.2705569890193821
0.6283171830113077,1.0929208636782253,0.37002054719628585
0.6528405459801533,0.2322239545134528,0.6931781048075778
0.651130104994356,-0.32503766523313227,0.3835346201157581
0.653426833121514,0.9395807338929852,0.3378627352325333
0.6974984656362516,-1.1856779658911811,0.461277612876046
0.6626495179338373,-0.5377320749670454,0.5742026580954477
0.6496410323254763,-0.3829049123171683,0.26280872107831693
0.7019654204984533,0.6523565481792335,0.5070735018543648
0.6534280080948468,0.3573419684112452,0.31374369507290434
0.6506000352786502,-0.4310199248903419,0.29970483675369136
0.6535687917600801,0.4575748556139715,0.40725925892522513
0.6490820838730037,1.0928865208862424,0.3423411485258976
0.6590472419123848,-1.3750150384395192,0.37812774643940666
0.6757222172326386,-0.03959223480279058,0.423457211529719
0.67171945203422,0.1636828720503517,0.5145929419241493
0.6511520176079764,0.3860837632289826,0.2882683585546587
0.650988709226519,0.8812347758078866,0.31511379346872853
0.6488167077531353,0.8847785676855131,0.31135752281413137
0.654912776335253,-1.3155079173666282,0.4292597490355119
0.6732847503657987,-1.1306263866076633,0.38864015912968775
0.6779499118077311,-0.09346353798062805,0.4341779695148674
0.6584410150336923,-0.6742884447994903,0.2908137665297296
0.6660130803206017,-0.29434060811336704,0.41017266233980443
0.6715098402853396,0.011138500485305632,0.47944294897813844
0.7171344498973986,0.8220775827138468,0.5565511087777796
0.6688791424151795,-1.3414086266657754,0.3220260900111978
0.6796690232418253,-0.9801255770770567,0.4578939971169786
0.6800249394496486,0.3439693459460364,0.3886240712783751
0.6832294128013581,0.563278800723001,0.40989924351405244
0.6810574550517708,-0.68133871029408,0.32900902839819435
0.6826108552549952,-0.8973037189355745,0.4339381351460835
0.6711083018220735,-0.784118774942322,0.30355995215236947
0.6802114799857906,0.09686865113002445,0.4318881286265584
0.6818533510979997,1.0288056423234355,0.28978493552851115
0.6998002526087982,1.0015345790283359,0.3232978237450515
0.6859312592456921,-0.2354597711788934,0.5027820071745881
0.6831464115740035,0.9008661547879577,0.33969280107955613
0.6922157474676947,0.49923760327992356,0.4435506588159224
0.6895972121968987,-0.8473744512885323,0.31038616208530106
0.6855978379668829,-0.8041812096043663,0.27040037860787874
0.7071325741973465,0.3834757890571199,0.45606871544802957
0.687838982101771,-0.3469638366312536,0.3310559671985704
0.7095155945978859,-1.379648187356795,0.38426512906187077
0.7006046895858662,-1.3258139165534126,0.310675506773329
0.7105808439736099,-1.0215283756839257,0.44767691958566797
0.7050595265848246,1.0679898747573324,0.20205312874250775
0.7216344378021855,-0.9441913290653218,0.37111883071767743
0.7173837903331466,-0.4017393565906979,0.4453197277722857
0.6979400187197312,-0.0640798355118873,0.38961532112029434
0.7059182771899107,0.06202266307534868,0.4043882220946987
0.7253305256466843,0.7456480910423662,0.5968108795552756
0.7293229714744677,0.9226599295901414,0.41170872765371325
0.720888021172329,0.9692954160344001,0.34693399598345465
0.7125956192432928,-1.2646433987100978,0.4481167663767559
0.7115474373468949,-0.29827920824652354,0.366662152251319
0.7037001497021758,-0.8290606783870547,0.2719433771308742
0.7222051434111132,0.29007245678276566,0.6427946739047626
0.7055010469570063,0.33746685806910826,0.4763148262534488
0.7198444998663079,0.5601684759493009,0.40321826501057617
0.7147742837456548,-0.8000711969479058,0.24000645186395386
0.7356245039557278,-0.2341501164260945,0.3920768621046427
0.7244578928005388,-0.14862968639306168,0.5304926361280707
0.7097470648748992,0.4790715556308389,0.45527615036356733
0.7285057964901902,1.0413266151288205,0.17752057711664726
0.7096119643047847,-1.3624843156036803,0.30755633009773053
0.7286569415621205,-1.1190563055400136,0.48012409654574106
0.7161868587170371,0.12390866909099434,0.3695272686690256
0.7112331711461619,-1.3555266362427696,0.29782014642516214
0.7145026049429394,-1.2182401389035358,0.47676351318893034
0.7279370056351531,0.1590101989947266,0.4599726129924933
0.7744443353095466,-1.3768404871577384,0.4870183602256844
0.7380734159787095,0.6187043525183483,0.36190462864367823
0.7186637025024747,-0.7499383307032834,0.32484738743206515
0.7220074416128155,-0.7462230650251271,0.3304055351119909
0.7216359150449997,-0.6612177863089096,0.3695966253897597
0.7227286402444577,-0.32119667144404,0.35471694489814337
0.735284846385534,-0.021401713593255628,0.29716076739372455
0.7208928619093683,1.083173754899062,0.1502690410845565
0.7533216164321823,-1.151239269867769,0.46287095143173884
0.7272831188757972,0.10665332405244575,0.3547529089801271
0.7434348547062045,-0.8059747159399585,0.2815914956132259
0.7283233932656812,1.0802015423565372,0.11362581104394297
0.7543396986034829,-1.2696126917005217,0.4603178158602957
0.7442656400352081,-0.8779647161902242,0.3476724048378158
0.7290664464013125,-0.6637441669700561,0.35531275527884343
0.7314725232214516,-0.37345807531677266,0.39712159513187634
0.7350108714863627,-0.4794669893335008,0.540407229864779
0.7372400308932563,0.00871892077624429,0.35528428774242926
0.7590940669058805,0.5946409805846756,0.31712872792395563
0.7467066448574406,0.8617146664204853,0.4365021835731464
0.7480165530360786,1.0004426691131103,0.23893470426759122
0.7482662561587736,-0.5404315098178228,0.4979550854346671
0.7426112435593911,1.0717307366103408,0.07066545470067831
0.7412137498359797,-0.983450855239928,0.3370229427915851
0.7436928607553175,-0.684158574170031,0.32079344566744294
0.7497576183319677,-0.06702963060801277,0.2998403777475184
0.7680229729981018,-1.2094661418001396,0.4340986795428711
0.7648366787444921,-0.9150210767145874,0.3634138863331731
0.7649736845563003,-0.5785855198476895,0.5075824213423866
0.7800612938474559,-0.03362305029736465,0.17514699045688542
0.7677089154548151,0.5507937867224701,0.39199401933094846
0.7651700869913964,-0.9691717874704923,0.3123489626946212
0.7716115459385999,-0.4940653296874566,0.4224252747418384
0.7803422800278507,-0.34816670994274557,0.2741459509603091
0.7698678267891854,0.6886790819507052,0.39051316607271697
0.7906649878162232,0.7646245410341171,0.4221001684071232
0.7732422463335531,1.053282362543301,0.1431178294444545
0.7768948686931357,0.6299718412710634,0.31376588733544886
0.7684406022481653,-1.0515413003535352,0.3635763058657367
0.7694259640840215,-0.7770793241837098,0.3813163303751843
0.7679764828211152,-0.6838183961263168,0.36480067428035856
0.7839225244919938,-0.19546198114387092,0.33240544577812403
0.7761805185526722,-0.14430949499276316,0.4320736964111942
0.7714204751322948,0.018378611539450918,0.25117871119523183
0.7804893043659634,0.7181332352372204,0.42588945646765436
0.7752546293121523,1.0223920084044245,0.2205869669787628
0.7602746780978258,1.0839168080346935,0.05776420823046254
0.8095517736469628,-1.3101412186864845,0.5511581081696361
0.7697642723601048,-1.0798181131338989,0.4143785879960015
0.7842534398747268,0.658615047703343,0.33331041621236607
0.7943599826323022,0.855087754061764,0.3432434494317573
0.7671107669456334,1.081043669243586,0.06355283648465147
0.7760274045732085,0.9888720558415026,0.2423206288652228
0.7714204751322948,-0.8799726294387559,0.40149231604019786
0.7906642677600736,-0.2932958106141848,0.33037815004835774
0.772535054835742,0.12091994425656624,0.3786580441670155
0.7703802007424113,0.46569659918947587,0.4138109037402853
0.7959349581175307,0.962595355982425,0.20369115202659113
0.7688197891575854,1.0894897065519282,0.07920911120191466
0.8264569905984299,-1.2021220954123626,0.48200002447334805
0.7733524132849362,-0.24020387966023155,0.3229371180821997
0.7961424721656938,-0.0912217259661616,0.24070009030234496
0.7798063605201336,0.4444134343760374,0.4475485117490874
0.7744752491343346,1.0916775852290646,0.10108954459894884
0.7783865982788382,-0.23639573234012126,0.31878250228413546
0.7921499409920015,0.46842848431519646,0.3935419042045621
0.7928195977720238,-0.4365799007443481,0.33714003668535725
0.7918976371258541,0.9217515092900868,0.20722516715262032
0.7967277582570133,-1.0311483708470564,0.2786973091292565
0.8054541434433073,-0.9334210836293982,0.4117285962753058
0.7854790404584386,-0.8275725223140388,0.4528245512444666
0.7900687118910409,0.0929236196624591,0.33014299218305876
0.8114725352229593,0.8135412157937976,0.35910077618564623
0.7952985880583913,-0.9830361076025311,0.29752875981854243
0.8028190758139698,-0.7015968903422144,0.3989846890132151
0.7939678743790736,0.4147061004066477,0.5070053322743224
0.8059776162889992,0.5499348934364696,0.35312348922339065
0.7962550647151014,0.9956088658162541,0.24824965126321022
0.7927708685627666,-1.2460501409264289,0.4689518672952781
0.8046181716758208,-0.5843693134654447,0.4866025859427306
0.7943990428549299,-0.35480230099325066,0.22009709635250288
0.8078943428332013,0.8937755353818051,0.2205673838026864
0.7991257420465465,0.052134453986699886,0.24081654612966416
0.8260055159583762,0.5861069554225627,0.2996336671160967
0.7981703880150206,1.0894897065519282,0.18596797213630464
0.8008453793032932,0.1631253623604225,0.4687859288857874
0.8091078523946397,-0.21985672370322573,0.2930910877258452
0.7989134411506519,-0.04701006439610112,0.136039131829167
0.8003995474219145,-0.04081795493250708,0.14216454655709798
0.8468724480021143,0.7376861264337663,0.3959952949490489
0.833177609686663,1.0452225776351227,0.3152594170910956
0.8015884324389245,-0.04819894941311097,0.1350730569478824
0.819875361187408,-1.0150127598247969,0.2724120257847495
0.8234218788286559,-0.41558905126486767,0.12674353476681388
0.820564923954134,0.6199334674384195,0.3110201656011742
0.8205379761546483,-0.34205282195550873,0.1693553933926065
0.8367511149074451,0.9896565694181346,0.3013463442961146
0.8246651561463549,-0.12807447575924755,0.31069248517531384
0.8130314507276463,-0.056669755159307555,0.15691714682701172
0.8115453444563836,0.03398272738770756,0.1933421747106132
0.8164416217408413,0.0686109718608019,0.29996079374283596
0.8463486885580572,0.4864546580636007,0.3680100727369253
0.8097620169308684,0.9231201094840866,0.1646582035523055
0.8169813647644228,-0.5322628700230911,0.34803306698902575
0.8147652413774525,0.025313774138675898,0.18231757823522704
0.8252887569980595,0.3035943378567598,0.5234626879602488
0.8415962146022471,0.663808075205784,0.3705009041073497
0.8151544596865927,0.9254341892493382,0.16320284053418382
0.8426489585634037,-0.1996015249276865,0.23869810829693702
0.8217525480563711,-1.136169528992464,0.47793944782381964
0.8277394220907194,0.2006917391793124,0.39702662726767485
0.8213907985034978,0.25757980011808423,0.4335991772454784
0.8182328226770651,0.917472905653289,0.17093366019146428
0.850593470525036,0.9433840346283078,0.2807687760868094
0.8197189289483274,0.022836930353238475,0.18322640039217936
0.8265921704529167,1.085464835400592,0.3169653157865558
0.8385969480859071,-0.9871063657460136,0.3317593160141156
0.8226911414908527,-0.6916971182628515,0.4540943750360158
0.8217004039766773,-0.3794025004018229,0.0636900243660045
0.8261941062731143,-0.37607645303280685,0.051188012673496354
0.849130524704956,0.8745569660933714,0.308673427161721
0.8650415651122819,-1.3390156350580873,0.4038709118934129
0.8256633540333776,-0.381383975430173,0.049895896311820745
0.8373743795214464,-0.29391963539672133,0.2675678266645471
0.8353274942165578,0.7746554233329747,0.34823864759332535
0.8345799916609531,-0.5537723028966279,0.3517277129171974
0.849581799814311,-0.07392556015027672,0.2592828546627194
0.8492380740048205,-1.4258847065634455,0.3516549003002782
0.8373870812844489,-0.7534059120028962,0.4338626959558495
0.8539144350752506,-0.2552858500618284,0.29337100176047687
0.8414532331655423,-1.077485441053743,0.3518808963493892
0.8427431106157756,-1.0459455826496902,0.3048598410639285
0.8389640051611774,-0.4835537815794729,0.3231935243723446
0.8404952774073509,0.5492390831053526,0.30117166238474513
0.8546582359641812,0.8041810169312954,0.306845657752769
0.8619048674350973,-1.2681118545679235,0.47550636628390686
0.8436681030890584,-0.4213945288872414,0.12022533543380398
0.8434966292885282,-0.018774045242112753,0.22329981131358467
0.8475566103388845,0.34201272364408924,0.5797908848454381
0.8503327181363358,-1.4108097895337361,0.27060395330641424
0.8456582384103649,-1.4046356934794908,0.2696626635931174
0.8685516153466525,-1.1371090383065658,0.477898204206992
0.8449827355597909,-0.7529105432458085,0.42992700425862374
0.8463697680796359,-0.3969385544027211,0.012424839208142687
0.877323748549529,0.025511493368810482,0.3515605943405764
0.8645498014647474,0.5716773672540969,0.259516236199832
0.8698543752385598,0.6375847947377173,0.3134026625232955
0.8726255353380076,1.0136722951469508,0.40485085812773136
0.8464688418310531,-0.48689752068981346,0.3297972477735382
0.8541877221653722,-0.12127101657799655,0.2583652736145843
0.89648101082621,0.9130779418963285,0.4201770204413544
0.8509271606448411,-0.4007033569565861,0.022272030236911242
0.8716987632832369,0.8319758080538134,0.3225431587939774
0.883186820729742,-1.08593613269602,0.5020334769901819
0.8524132669161033,-0.30187728991762697,0.24071810865808416
0.8631344621587832,-0.01665103628316628,0.2979385049942171
0.8581100076226099,0.22593812075911918,0.32675395735149115
0.8698429083691829,0.45824313409440953,0.3970615266774146
0.8584196130957894,-0.3065213720153225,0.23715414906869392
0.8583576920011535,-1.4023389837875395,0.24352743905630395
0.8683855622459794,-1.0167948189808058,0.3521384820396907
0.8779355267921336,-0.6011338636286037,0.4658846375806537
0.8600295615563239,0.1941106781162464,0.3916492866465161
0.8591007451367848,-1.4053111963300646,0.24592580699681052
0.8639144371893527,0.36057073382668675,0.5713286858192513
0.8620729576793101,-0.37989786915891055,0.00021006689513796252
0.8628160108149411,-0.37692565661638544,-0.000245362687816968
0.8628160108149411,-0.3561201688187097,0.07723584103499793
0.9020350447443043,-0.26557684613955806,0.35468349390223886
0.8618252733007661,-0.1787781537813798,0.18907113202541903
0.870246542171254,0.25764172121272017,0.370832202175684
0.8871584315382218,0.530423957834316,0.17060164507041645
0.8724081512930906,-0.42042804019334346,0.13337683399953976
0.8694209275761081,-0.17762229334817553,0.18361437945178616
0.8672743296287291,0.22987499877597256,0.32796420811003607
0.8904114171685017,1.0599371126673314,0.44411925249557965
0.8697511734141666,-0.38006299207793964,0.009368286743602862
0.8724757015781479,-0.3561201688187097,0.08932650422484129
0.8982907584468822,0.7315734563432766,0.4313911092250095
0.9054564411827842,-1.41415464242822,0.33750979341871956
0.8907813814758188,-0.9836834917048892,0.4716693279131348
0.8749171618809362,-0.1249244931894372,0.21864625134751908
0.8898894298247447,0.4925577173033846,0.23936736844205259
0.9073014617781476,1.0821600449720377,0.5207867969269254
0.898500574734591,0.6778705434372868,0.3860995699304654
0.8880297239565862,0.7947689513344928,0.3175531920687234
0.9035875871309647,-1.2193895351997321,0.38392081061816424
0.897478787791144,-0.5130151866062567,0.29643466911835376
0.8820425106994003,-0.20825259482808678,0.2207216631568305
0.8998132171497202,-0.1833401062263573,0.23200883817716028
0.9347371025753328,0.9943435304365186,0.4470504950329934
0.8968125165567511,-1.2585633114455894,0.4294399714001036
0.9933078876262306,-1.1146476886521444,0.7142387978369219
0.8851076048838793,-0.7397273424523505,0.3181506142036587
0.8872194401114635,-0.37852908706695804,0.05643929314279934
0.9058210140509149,-1.362199124918928,0.31921916154995905
0.9075713698013174,-0.8506764003229523,0.6142455930056004
0.8874853749178994,-0.546787603421694,0.2960191046507525
0.8940242425114547,-0.09180555342987187,0.2656378218095119
0.9032251203445274,0.8466702371421587,0.3389712643211882
0.8886513967615057,-0.20167943247442566,0.22226542058729812
0.9170669663805419,-1.1777565579859999,0.4216269458759073
0.8929096628080075,-0.43748448717033406,0.23706490023878232
0.8988203127505291,0.5685419081893498,0.16549923349249857
0.9067304511307493,-0.6842524335134791,0.4420676224479533
0.9079211646901514,0.17436657606152522,0.5475707525625386
0.9014547738677672,-0.375572238405057,0.10233637365037576
0.9113002279148817,-0.07747524295698308,0.2885702055859443
0.9073991989528174,0.635855767249037,0.3282810155588914
0.9361606921474731,-1.3274890382760125,0.25005704292166686
0.9203034669310404,-0.7463261933962646,0.19822273740940546
0.9102689214076695,-0.5494677192143502,0.27263522359482517
0.9156299413782715,-0.13800549454417674,0.265997401413632
0.9183695010256048,0.0076622170707989325,0.39954235769332525
0.9102176763638324,0.07746414708309605,0.5983912125905553
0.9211310549317676,0.47654400480727427,0.22227284048325568
0.9506127468281508,0.7760785124273034,0.38478707617728847
0.9527230198578054,1.064692304954263,0.5090343298100953
0.9507832530649166,0.7201092079649658,0.4106785260637825
0.9280821536752734,-0.4716311562668438,0.25003098106330574
0.9253355567238939,-0.43632695641858465,0.22277313586661196
0.9187926803658305,-0.39129135057192327,0.16258946947849756
0.9214818250471628,0.6033808068736857,0.2728889128698146
0.9264470328216908,-0.5267557795864997,0.2440081156376456
0.9172850363225205,0.42402101027798306,0.40114154947859615
0.9393958159391254,-0.9966595652180084,0.49742267973684023
0.9245955715202842,-0.8822017888456498,0.6304350308216439
0.933409792635267,-0.7111726138483896,0.22916229515299327
0.9481481549000086,0.22972944699446604,0.44462708850397403
0.9185449959872865,0.5481754972445471,0.06139318073880824
0.921145681961996,-0.1121758243909636,0.29930431471377555
0.9471809492877391,-1.2981667218491886,0.2868233827682985
0.9405160573310504,-0.5801069802035599,0.24915210925397757
0.9259755273435993,-0.34200215924171573,0.1644655676254721
0.9281622265713143,0.5228480003643154,0.06597093118510516
0.9254611059420085,0.5310281171915178,0.05168769039191422
0.9280985363025458,0.6419063427820347,0.3805901665779936
0.9504858152823097,0.8064370453058347,0.3464436488636869
0.9598004910127677,0.8728773744400699,0.35181031280912145
0.9327941325882158,0.9569202853537141,0.4543979154701774
0.9583507484474834,0.3439243991125745,0.38943832549478713
0.9242417366937931,0.5543676067081409,0.07309986432812556
0.9267185804792307,0.5518907629227037,0.07190720564199461
0.9581744965542875,-0.16771491820642526,0.4631539607637716
0.940518138712383,0.8437514195538721,0.3352557052919315
0.9491128509814555,-1.3666183930491926,0.19734261220533716
0.9438125744420779,-0.9241069682205911,0.5411325412845581
0.9407943024794001,-0.2548112169119098,0.43571173543767133
0.9675682861523995,0.38398568250426357,0.4042006034466348
0.9597064044251735,-1.24220502993672,0.3557295185742611
0.9427228018620579,-1.183424098443865,0.406052681662193
0.9474617763972727,0.2984340035328849,0.41418456959384187
0.9643003242827783,-1.4070087064511827,0.3369150576832319
0.9415796431918559,0.5236547437687152,0.10111100365253424
0.9619601473615986,-0.6243008751624637,0.1923024076122179
0.9647498473873855,-0.41002666555704065,0.20401905213655167
0.94380880259875,-0.3618788306198522,0.08488220239059178
0.9436061517435778,-0.3562552693888247,0.09145310141830268
0.9420750119489436,-0.04502858936775099,0.3404373163574282
0.9453520668035221,-0.041408586912111425,0.3397456447157535
0.9491494970110997,0.44164025392341366,0.31890750819561076
0.9664402426754573,0.9309649841651261,0.3940098610733774
0.9445518557343813,-1.1794230430981583,0.41463629415386366
0.9487888395715979,-0.4531281271215498,0.22084173843522198
0.9445518557343813,0.52068253122619,0.11785296120242116
0.9496789223702369,-0.7599695480343056,0.12531706228480244
0.9621712632973571,-0.5697849608748073,0.19943854841259473
0.9576566110355144,-0.009181904763963605,0.38682043026850327
0.9604531928368901,0.4722354667830313,0.24817931546122032
0.950496280819431,-0.3561201688187097,0.08642599431928401
0.964369010720586,-0.5236678297413921,0.2101101507691501
0.9564407059044813,-0.36726596585317883,0.09176157585036132
0.9534684933619564,-0.7625702340090151,0.13233211167561307
0.9859219573754897,1.0396992321487923,0.46453143416380993
0.954954599633219,-0.748452224432021,0.10003365243929431
0.9719130747428744,-0.4915139359154377,0.2161326267679849
0.9977664336136428,0.8313210008661638,0.2963145284268793
0.9572409169736226,-0.7547395971181317,0.10797071425337894
0.9579268121757439,-0.7469661181607584,0.10393219219165925
0.9830302848159462,-1.0121705747756606,0.4675007365313178
0.9742612793966294,-0.3536877812037799,0.09407769466449756
0.9667593305804176,-0.2960029641849949,0.2837122368022652
0.970112883600097,-1.3458669454795629,0.11102400783076719
1.0018425793721513,-1.3093180193707,0.23247211859971512
0.9976287127918577,0.27912167262581505,0.26868759416582255
0.9804139465435323,-0.6615541156229324,0.2002949339511416
0.9939318352887524,-0.5802895158649922,0.1570307399197403
0.9729443071274498,-0.4521695636139942,0.21428632847082327
0.9880907529789377,-0.7763066757596041,0.26713522255538813
0.9892127786618313,-0.43149547889714596,0.21164246591892744
0.9779892468377881,-1.3473530517508256,0.0967408238042866
0.9840079772364015,-1.342374595742096,0.09750576301548033
0.9958045450009477,0.8928802438094927,0.3346840060694948
0.9831124026676673,0.09894121466578848,0.720009285160735
1.004388227751801,-1.3580358821974623,0.11817499122588827
1.0057758341557665,0.9918839678837126,0.42210731016223413
0.9896371068017382,-1.2637696152508973,0.3597488714048329
1.0110031883930746,-1.2349332460039744,0.475301484003513
0.9846767250584697,-0.6038871088219814,0.11531359286050978
1.0035438133718897,0.049393003287538643,0.5704024031560249
0.9882062274527181,0.30730243911074373,0.26625335610780104
1.0042526125988267,0.4738070750589415,0.33585413722789065
0.9870773582658938,-1.3496393690912294,0.09744125874253456
0.9955677610178651,-0.3350811500355501,0.13279443786158893
0.9913642032791512,0.4380591506169684,0.3340901405454029
1.0202085577198179,-1.4022744314849163,0.2876572907055049
0.9915293261981802,-0.7136525692466231,0.24150802003783003
1.0034759693899409,-0.14390419328241885,0.5935778059538726
1.0043368364178007,0.789439739436527,0.31241701325640386
1.0103432704968331,1.0836912742916294,0.6235507330568667
0.9926026251718698,-0.8383616538434048,0.47499431804113457
1.003996106584883,-0.3875760848937669,0.18789736832932516
1.0052450682383907,-0.3518831849814933,0.123471972153625
1.0241356303330444,0.23573771393787177,0.2923496107441964
0.9946271757443146,-0.6457816650826218,0.12260060945427427
0.9928503095504139,-0.6057860223908169,0.11164452452543353
0.9997161205236464,-0.5420617854790791,0.13739982374860935
0.9961409734367809,0.3009511039752286,0.2554762719314343
1.0197480650466895,0.36165763999744505,0.2624147211413864
1.0093022680790704,0.5958261611474653,0.4536486906331969
1.042020298312273,0.6144442735799391,0.2943620703794674
1.0015811838940811,0.6657636559581958,0.27064253211214684
1.0005868039625745,-0.8446120419843031,0.5215290476000716
1.012685457370971,-0.6509636530371982,0.1226633240434259
1.0064279168469488,-0.5077705587725464,0.1588382022424653
1.023162233402072,-0.463101244021222,0.19248412105765558
1.0064906421116449,-0.29112955706296045,0.27582359853681493
1.0221064525007773,0.3204108199921481,0.21781596229290875
1.0232204464311565,0.9376260619191019,0.33487515244817556
1.003359203897199,-0.9567194033046715,0.48905326136348476
1.0083020042426436,-0.06202354826475341,0.4700012757891766
1.019499920494721,-1.0286549008067376,0.5367010928979791
1.0108416812174008,-0.6948101118959166,0.1926332029350298
1.0154338173512067,-0.36620446137370577,0.15442398000419255
1.007711372263039,0.21974601129552535,0.32203793810403825
1.0142822931291118,-0.3356352137462085,0.15333070226001447
1.0646672911843862,1.0580331930933977,0.5642913525028693
1.009940531669933,-0.6243623507815986,0.09453009690115212
1.0106160345205069,-0.6187556771218353,0.09830064887339472
1.0114266379411954,-0.5306939466840803,0.13315999532838957
1.010014836983496,-0.274458629212833,0.35241699506051366
1.0246448961022552,0.19228842875981733,0.42714808139200267
1.009754768386025,0.21435887606219853,0.3363367421229753
1.034556036887892,0.9044270868424741,0.30153145900651657
1.0175896080661375,-0.9743403776639273,0.4986434938140516
1.0167709047243896,0.4957330932490325,0.4009272904657837
1.0183167670170492,-0.5248607808920657,0.145318860430551
1.0188571692975081,-0.5195918586575895,0.1482545050860968
1.0178664317833332,0.701492127563133,0.10072942165498636
1.0362807612022025,-0.3461994053321735,0.18034640040667596
1.020343275568771,0.6990152837776953,0.09600305192706111
1.0411238286974656,-1.284811915012894,0.42867754481818343
1.0388022797802423,0.41047601879414153,0.39546403775298544
1.025098815636811,0.7052569301169981,0.08020014726002576
1.0251731209503738,0.7149909261937674,0.09450551479245796
1.0306980805556325,0.8544172567672458,0.2796209081597639
1.0287325851646079,0.7291688594107318,0.12686388956259456
1.0453662953413458,0.6481791624174437,0.26497504267204647
1.0274022803572678,-1.3685300661163167,0.16973500538102804
1.0452788402610957,-1.018263474909471,0.5916755452656166
1.039351378078906,-0.7050338222905397,0.20740080025216504
1.0391631255754317,-0.5646870666032116,0.2422954861672579
1.0377279149684455,-0.4212845268265238,0.20758902659875167
1.0285168600607146,0.7504840976390882,0.19267096767657246
1.045039751069921,0.8293156758657924,0.24503822725767171
1.0528579743169435,0.9799029780781041,0.32719038342748863
1.0349071170271436,-1.3729140796165413,0.19966933676727075
1.0345108220214738,-0.6838561385078091,0.1430492648836491
1.0487079884617136,-0.6368870093048681,0.19812363646672207
1.0323972486579003,-0.01794843064696688,0.4303557185043727
1.0307460194676086,-0.011343513885800096,0.4377130761526429
1.0378050242561057,0.6887983031627652,0.13216174937481492
1.0490178178847707,0.7911343826776615,0.22203537580397492
1.03723795738944,-0.4513091862990527,0.19336201119839388
1.0857818415841363,-1.2362959680651684,0.7617065070449625
1.0656531500331232,-0.47616744060787825,0.23017218455695565
1.0439723652818451,-0.441571279416306,0.19470633772453774
1.0485792947227588,0.4907127214223953,0.48541097848753234
1.0442695865360974,-0.6811316103438279,0.15544339969540066
1.0594073905932302,-1.3675441422561416,0.22278851854912118
1.0551025190924062,-0.601671854503006,0.24379714743011466
1.086705222258855,0.18337764065596343,0.6100358843889363
1.083058806310797,0.9385183857680628,0.3016397029986359
1.0759649192642995,0.82701634735522,0.22821679413916535
1.0689292537392585,-0.710480968900126,0.26783682945219317
1.0573101690664266,-0.7986083110871318,0.542201986645961
1.0525422447794592,0.3448266224601227,0.20902971995251043
1.0786033312839862,-0.6637441669700561,0.2704683828942292
1.0641190516380081,-0.38372430026680693,0.2789848900253178
1.0547094830917172,0.35256675928961506,0.22400363127972023
1.0752610375930414,0.8774434743466207,0.2524040662435654
1.0580903748588395,0.3468080974884726,0.21938185640936855
1.066471676477335,0.27459684276212465,0.3237983347123584
1.0624319281798849,0.5784814501335082,0.32693475349200957
1.069630604610418,0.7437437304232888,0.16913237838110798
1.0744363453699284,1.002198940207245,0.37752864731437275
1.0620780933533938,-0.13660988833430515,0.5878300528212346
1.0868246767037804,-0.5324010262734553,0.3253077352000393
1.0827312382935816,-0.4249004242719649,0.33184951408998503
1.0717887779592417,-0.32567684476181685,0.2806331289905569
1.0681273079832125,-0.3028489747872988,0.3163405455486463
1.068738649359016,0.5891080330204089,0.3128018303696394
1.080891491077925,-0.23998308672850097,0.5162253142905472
1.090884271046255,0.3190953040143419,0.34024696348215794
1.0825103922719883,0.9067709457266797,0.2854523206906641
1.0912874889669857,0.6497515553275247,0.29634857726048236
1.084093609956492,-1.3837554060978736,0.26268317831275473
1.091189333357614,-0.6001288279296242,0.3693688736670426
1.0878388363445937,-0.1012341318253957,0.5853416999078617
1.0768153138767473,0.7149909261937674,0.15954031743920344
1.0781528095208837,-0.9903903253935628,0.7719311856282239
1.09327834877331,0.017628001931253807,0.6050806349052745
1.085477190429249,0.2516123757693121,0.394248061554211
1.0849317404351815,-0.4857543620196117,0.29594605855656014
1.099602276702773,0.3781154029364034,0.5134664185394611
1.0879257274285672,0.7789111875993813,0.19508169628277316
1.0842458452330601,0.7822372349683974,0.1931072787162144
1.0907475601698338,0.9746879970968967,0.3543902773382141
1.1009106552520274,0.25954189526185373,0.470716240884907
1.0992720308647146,-1.3410492414890647,0.39882046482045747
1.1004876995992994,-0.1827957114176014,0.6697154002313901
1.1020389554538523,0.7565430887030935,0.20247131578477434
1.1011695209601107,-1.4255145548626598,0.49895574199712184
1.1011471555384356,-0.6994610939641287,0.39777457611293826
1.1026352118671343,0.5126863207085578,0.6158289282478575
1.1027189717994486,0.5786922767176258,0.4048645656559984
1.1010883829740357,-0.5873430625115585,0.4202849006279218
1.103700327329588,-0.07179487807715733,0.6138295586449709
1.1047726881048738,-1.1363657676495247,1.066101129566376
1.106112837510209,-0.808321077074312,0.7484903083127105
1.1045559642736482,-0.5086048336606485,0.420478440190845
1.1064698890169409,-1.3673479361278125,0.3580307126115901
1.10666128149127,0.678003392331233,0.2689290839848484
1.1072804924376296,-1.4001098243806458,0.4042027627065994
1.1072804924376296,-0.7491952775676523,0.5212047712222609
1.1062402180477457,-0.31242864444359103,0.44374215492461627
1.106955406690791,0.6036722783120079,0.3853759756804479
1.1065968835528488,0.8538081129924014,0.3183797910943983
1.1071318818105031,0.8939924265673408,0.35604849859726545
1.107049889740365,-0.003912982529487246,0.6272759116501324
1.1078112446773658,0.8109827762725329,0.29098498696721853
1.108023545573261,-0.3583493282256037,0.4469784715211977
1.108023545573261,-0.23128724203265624,0.6133447000679381
1.108023545573261,0.07633675611868991,0.8388605366421921
1.1065374393019982,0.7094180276765331,0.18455452649270285
1.1082093088571687,1.0127694702979997,0.5408924619296439
1.1088237566424022,0.715705400362644,0.1887546113937529
1.109509651844523,0.7079319214052704,0.19744295106650497
